;; MJD	etburst	mag	-emag	+emag	limmag	filter	imagename
59295.357755	0.04167	16.311	16.273	16.349	18.04396	B	m3_data/M3-2_20210322_083510_Mar1mjdr_kait_B_c.fit
59295.358657	0.04167	15.937	15.905	15.969	17.94091	V	m3_data/M3-2_20210322_083628_Mar1mjeg_kait_V_c.fit
59295.359502	0.04167	15.655	15.619	15.691	17.82259	R	m3_data/M3-2_20210322_083741_Mar1mjev_kait_R_c.fit
59295.360405	0.04167	15.334	15.289	15.379	17.1446	I	m3_data/M3-2_20210322_083859_Mar1mjfk_kait_I_c.fit
59295.362118	0.04167	16.255	16.212	16.298	18.06898	B	m3_data/M3-2_20210322_084127_Mar1mjgp_kait_B_c.fit
59295.363021	0.04167	15.944	15.908	15.98	18.03604	V	m3_data/M3-2_20210322_084245_Mar1mjhd_kait_V_c.fit
59295.363947	0.04167	15.712	15.679	15.745	17.86736	R	m3_data/M3-2_20210322_084405_Mar1mjht_kait_R_c.fit
59295.364838	0.04167	15.377	15.342	15.412	17.38375	I	m3_data/M3-2_20210322_084522_Mar1mjij_kait_I_c.fit
59295.366574	0.04167	16.308	16.267	16.349	17.57911	B	m3_data/M3-2_20210322_084752_Mar1mjjn_kait_B_c.fit
59295.367465	0.04167	15.979	15.948	16.01	17.67726	V	m3_data/M3-2_20210322_084909_Mar1mjkc_kait_V_c.fit
59295.36831	0.04167	15.675	15.641	15.709	17.79684	R	m3_data/M3-2_20210322_085022_Mar1mjks_kait_R_c.fit
59295.369213	0.04167	15.308	15.265	15.351	17.32688	I	m3_data/M3-2_20210322_085140_Mar1mjlg_kait_I_c.fit
59295.495648	0.04167	16.326	16.276	16.376	18.07086	B	m3_data/M3-2_20210322_115344_Mar1mmri_kait_B_c.fit
59295.496551	0.04167	15.989	15.949	16.029	17.98447	V	m3_data/M3-2_20210322_115502_Mar1mmrx_kait_V_c.fit
59295.497396	0.04167	15.753	15.71	15.796	17.63469	R	m3_data/M3-2_20210322_115615_Mar1mmsm_kait_R_c.fit
59295.498299	0.04167	15.387	15.337	15.437	16.94272	I	m3_data/M3-2_20210322_115733_Mar1mmtb_kait_I_c.fit
59295.500093	0.04167	16.321	16.277	16.365	17.74663	B	m3_data/M3-2_20210322_120008_Mar1mmuf_kait_B_c.fit
59295.500961	0.04167	15.974	15.939	16.009	17.58533	V	m3_data/M3-2_20210322_120123_Mar1mmuv_kait_V_c.fit
59295.501817	0.04167	15.688	15.652	15.724	17.34005	R	m3_data/M3-2_20210322_120237_Mar1mmvk_kait_R_c.fit
59295.502708	0.04167	15.34	15.301	15.379	16.83739	I	m3_data/M3-2_20210322_120354_Mar1mmvz_kait_I_c.fit
59295.504433	0.04167	16.328	16.276	16.38	17.74902	B	m3_data/M3-2_20210322_120623_Mar1mmxe_kait_B_c.fit
59295.505336	0.04167	15.958	15.925	15.991	17.51899	V	m3_data/M3-2_20210322_120741_Mar1mmxs_kait_V_c.fit
59295.506181	0.04167	15.676	15.645	15.707	17.24995	R	m3_data/M3-2_20210322_120854_Mar1mmyi_kait_R_c.fit
59295.50706	0.04167	15.333	15.293	15.373	16.73165	I	m3_data/M3-2_20210322_121010_Mar1mmyx_kait_I_c.fit
59300.339641	0.04167	15.152	15.129	15.175	17.42478	B	m3_data/M3-2_20210327_080905_Mar1rirq_kait_B_c.fit
59300.340532	0.04167	15.07	15.049	15.091	17.16802	V	m3_data/M3-2_20210327_081022_Mar1risf_kait_V_c.fit
59300.341389	0.04167	14.976	14.955	14.997	17.1028	R	m3_data/M3-2_20210327_081136_Mar1risu_kait_R_c.fit
59300.342361	0.04167	14.868	14.838	14.898	16.56666	I	m3_data/M3-2_20210327_081300_Mar1ritj_kait_I_c.fit
59300.344086	0.04167	15.145	15.117	15.173	17.49412	B	m3_data/M3-2_20210327_081529_Mar1riup_kait_B_c.fit
59300.344988	0.04167	15.084	15.066	15.102	17.54365	V	m3_data/M3-2_20210327_081647_Mar1rive_kait_V_c.fit
59300.345845	0.04167	15.002	14.98	15.024	17.45512	R	m3_data/M3-2_20210327_081801_Mar1rivt_kait_R_c.fit
59300.346736	0.04167	14.861	14.827	14.895	16.74877	I	m3_data/M3-2_20210327_081918_Mar1riwi_kait_I_c.fit
59300.348461	0.04167	15.167	15.144	15.19	17.73966	B	m3_data/M3-2_20210327_082147_Mar1rixm_kait_B_c.fit
59300.349352	0.04167	15.128	15.11	15.146	17.64815	V	m3_data/M3-2_20210327_082304_Mar1riyb_kait_V_c.fit
59300.350208	0.04167	15.046	15.026	15.066	17.58749	R	m3_data/M3-2_20210327_082418_Mar1riyr_kait_R_c.fit
59300.351111	0.04167	14.901	14.872	14.93	16.96635	I	m3_data/M3-2_20210327_082536_Mar1rizf_kait_I_c.fit
59302.471204	0.04167	15.452	15.378	15.526	16.10478	B	m3_data/M3-2_20210329_111832_Mar1tmbb_kait_B_c.fit
59302.472118	0.04167	15.483	15.415	15.551	15.80226	V	m3_data/M3-2_20210329_111951_Mar1tmbr_kait_V_c.fit
59302.472963	0.04167	15.567	15.488	15.646	15.80461	R	m3_data/M3-2_20210329_112104_Mar1tmcg_kait_R_c.fit
59302.473866	0.04167	15.232	15.139	15.325	15.13556	I	m3_data/M3-2_20210329_112222_Mar1tmcv_kait_I_c.fit
59302.47559	0.04167	15.155	15.104	15.206	16.27111	B	m3_data/M3-2_20210329_112451_Mar1tmdz_kait_B_c.fit
59302.476481	0.04167	14.969	14.931	15.007	16.07224	V	m3_data/M3-2_20210329_112608_Mar1tmeo_kait_V_c.fit
59302.477326	0.04167	14.901	14.862	14.94	15.82712	R	m3_data/M3-2_20210329_112721_Mar1tmfd_kait_R_c.fit
59302.478229	0.04167	14.762	14.701	14.823	15.19024	I	m3_data/M3-2_20210329_112839_Mar1tmfs_kait_I_c.fit
59302.479954	0.04167	15.262	15.202	15.322	16.15494	B	m3_data/M3-2_20210329_113108_Mar1tmgx_kait_B_c.fit
59302.480868	0.04167	15.134	15.087	15.181	15.95565	V	m3_data/M3-2_20210329_113227_Mar1tmhm_kait_V_c.fit
59302.481713	0.04167	16.259	16.056	16.462	15.54165	R	m3_data/M3-2_20210329_113340_Mar1tmib_kait_R_c.fit
59302.482616	0.04167	14.997	14.898	15.096	14.93534	I	m3_data/M3-2_20210329_113458_Mar1tmiq_kait_I_c.fit
59305.455266	0.04167	16.451	16.389	16.513	17.63798	B	m3_data/M3-2_20210401_105535_Apr11lqm_kait_B_c.fit
59305.456134	0.04167	16.057	16.015	16.099	17.53797	V	m3_data/M3-2_20210401_105650_Apr11lrb_kait_V_c.fit
59305.457002	0.04167	15.809	15.766	15.852	17.46539	R	m3_data/M3-2_20210401_105805_Apr11lrq_kait_R_c.fit
59305.457963	0.04167	15.427	15.38	15.474	16.94982	I	m3_data/M3-2_20210401_105928_Apr11lsf_kait_I_c.fit
59305.459664	0.04167	16.42	16.352	16.488	17.50996	B	m3_data/M3-2_20210401_110155_Apr11ltk_kait_B_c.fit
59305.460556	0.04167	16.012	15.971	16.053	17.46067	V	m3_data/M3-2_20210401_110312_Apr11ltz_kait_V_c.fit
59305.461412	0.04167	15.771	15.73	15.812	17.42269	R	m3_data/M3-2_20210401_110426_Apr11luo_kait_R_c.fit
59305.462303	0.04167	15.467	15.419	15.515	16.78952	I	m3_data/M3-2_20210401_110543_Apr11lvd_kait_I_c.fit
59305.464039	0.04167	16.383	16.32	16.446	17.35546	B	m3_data/M3-2_20210401_110813_Apr11lwi_kait_B_c.fit
59305.464931	0.04167	16.078	16.037	16.119	17.5509	V	m3_data/M3-2_20210401_110930_Apr11lww_kait_V_c.fit
59305.465775	0.04167	15.776	15.743	15.809	17.04942	R	m3_data/M3-2_20210401_111043_Apr11lxm_kait_R_c.fit
59305.466678	0.04167	15.413	15.372	15.454	16.83788	I	m3_data/M3-2_20210401_111201_Apr11lya_kait_I_c.fit
59308.553935	0.04167	15.167	14.853	15.481	14.29152	V	m3_data/M3-2_20210404_131740_Apr14oea_kait_V_c.fit
59309.359954	0.04167	16.06	16.027	16.093	17.97874	B	m3_data/M3-2_20210405_083820_Apr15jfd_kait_B_c.fit
59309.360845	0.04167	15.814	15.785	15.843	17.57393	V	m3_data/M3-2_20210405_083937_Apr15jfs_kait_V_c.fit
59309.361701	0.04167	15.55	15.516	15.584	17.50051	R	m3_data/M3-2_20210405_084051_Apr15jgh_kait_R_c.fit
59309.362593	0.04167	15.207	15.169	15.245	16.82266	I	m3_data/M3-2_20210405_084208_Apr15jgw_kait_I_c.fit
59309.364317	0.04167	16.088	16.054	16.122	17.8347	B	m3_data/M3-2_20210405_084437_Apr15jib_kait_B_c.fit
59309.36522	0.04167	15.78	15.751	15.809	17.63351	V	m3_data/M3-2_20210405_084555_Apr15jip_kait_V_c.fit
59309.366076	0.04167	15.525	15.497	15.553	17.37946	R	m3_data/M3-2_20210405_084709_Apr15jjf_kait_R_c.fit
59309.367037	0.04167	15.226	15.189	15.263	16.91155	I	m3_data/M3-2_20210405_084832_Apr15jju_kait_I_c.fit
59309.368773	0.04167	16.106	16.073	16.139	17.93584	B	m3_data/M3-2_20210405_085102_Apr15jla_kait_B_c.fit
59309.369676	0.04167	15.745	15.713	15.777	17.09849	V	m3_data/M3-2_20210405_085220_Apr15jlo_kait_V_c.fit
59309.370521	0.04167	15.552	15.52	15.584	17.27112	R	m3_data/M3-2_20210405_085333_Apr15jme_kait_R_c.fit
59309.371424	0.04167	15.189	15.153	15.225	16.54888	I	m3_data/M3-2_20210405_085451_Apr15jms_kait_I_c.fit
59310.357338	0.04167	15.911	15.873	15.949	16.8015	B	m3_data/M3-2_20210406_083434_Apr16jdk_kait_B_c.fit
59310.358241	0.04167	15.689	15.657	15.721	16.49846	V	m3_data/M3-2_20210406_083552_Apr16jdz_kait_V_c.fit
59310.359097	0.04167	15.279	15.249	15.309	16.29906	R	m3_data/M3-2_20210406_083706_Apr16jeo_kait_R_c.fit
59310.359988	0.04167	15.232	15.189	15.275	15.82041	I	m3_data/M3-2_20210406_083823_Apr16jfd_kait_I_c.fit
59310.361782	0.04167	15.984	15.942	16.026	16.83617	B	m3_data/M3-2_20210406_084058_Apr16jgj_kait_B_c.fit
59310.362685	0.04167	15.732	15.696	15.768	16.51016	V	m3_data/M3-2_20210406_084216_Apr16jgx_kait_V_c.fit
59310.36353	0.04167	15.258	15.232	15.284	16.2683	R	m3_data/M3-2_20210406_084329_Apr16jhn_kait_R_c.fit
59310.366146	0.04167	15.949	15.908	15.99	16.80663	B	m3_data/M3-2_20210406_084715_Apr16jjg_kait_B_c.fit
59310.367037	0.04167	15.499	15.469	15.529	16.38611	V	m3_data/M3-2_20210406_084832_Apr16jjv_kait_V_c.fit
59315.410972	0.04167	14.908	14.882	14.934	16.86565	B	m3_data/M3-2_20210411_095148_Apr1bknb_kait_B_c.fit
59315.411863	0.04167	14.864	14.846	14.882	16.7394	V	m3_data/M3-2_20210411_095305_Apr1bknp_kait_V_c.fit
59315.41272	0.04167	14.83	14.81	14.85	16.77775	R	m3_data/M3-2_20210411_095419_Apr1bkof_kait_R_c.fit
59315.413611	0.04167	14.709	14.685	14.733	16.27979	I	m3_data/M3-2_20210411_095536_Apr1bkot_kait_I_c.fit
59315.415336	0.04167	14.908	14.879	14.937	16.91697	B	m3_data/M3-2_20210411_095805_Apr1bkpy_kait_B_c.fit
59315.416227	0.04167	14.891	14.874	14.908	16.95587	V	m3_data/M3-2_20210411_095922_Apr1bkqn_kait_V_c.fit
59315.417072	0.04167	14.815	14.795	14.835	16.77503	R	m3_data/M3-2_20210411_100035_Apr1bkrc_kait_R_c.fit
59315.418044	0.04167	14.704	14.677	14.731	16.18226	I	m3_data/M3-2_20210411_100159_Apr1bkrr_kait_I_c.fit
59315.419769	0.04167	14.862	14.835	14.889	16.71892	B	m3_data/M3-2_20210411_100428_Apr1bksx_kait_B_c.fit
59315.420648	0.04167	14.921	14.903	14.939	16.86321	V	m3_data/M3-2_20210411_100544_Apr1bktl_kait_V_c.fit
59315.421493	0.04167	14.828	14.808	14.848	16.63644	R	m3_data/M3-2_20210411_100657_Apr1bkua_kait_R_c.fit
59315.422384	0.04167	14.76	14.732	14.788	16.39426	I	m3_data/M3-2_20210411_100814_Apr1bkup_kait_I_c.fit
59316.483553	0.04167	15.121	15.098	15.144	17.50881	B	m3_data/M3-2_20210412_113619_Apr1cmjh_kait_B_c.fit
59316.484444	0.04167	15.024	15.005	15.043	17.20683	V	m3_data/M3-2_20210412_113736_Apr1cmjw_kait_V_c.fit
59316.485301	0.04167	14.964	14.94	14.988	16.9778	R	m3_data/M3-2_20210412_113850_Apr1cmkl_kait_R_c.fit
59316.486192	0.04167	14.862	14.829	14.895	16.83014	I	m3_data/M3-2_20210412_114007_Apr1cmla_kait_I_c.fit
59316.487928	0.04167	15.164	15.141	15.187	17.29849	B	m3_data/M3-2_20210412_114237_Apr1cmme_kait_B_c.fit
59316.488819	0.04167	15.073	15.05	15.096	17.50441	V	m3_data/M3-2_20210412_114354_Apr1cmmt_kait_V_c.fit
59316.489664	0.04167	14.976	14.954	14.998	17.22359	R	m3_data/M3-2_20210412_114507_Apr1cmnj_kait_R_c.fit
59316.49059	0.04167	14.883	14.852	14.914	16.88813	I	m3_data/M3-2_20210412_114627_Apr1cmny_kait_I_c.fit
59316.492315	0.04167	15.169	15.143	15.195	17.39897	B	m3_data/M3-2_20210412_114856_Apr1cmpc_kait_B_c.fit
59316.493206	0.04167	15.1	15.081	15.119	17.42537	V	m3_data/M3-2_20210412_115013_Apr1cmpr_kait_V_c.fit
59316.494062	0.04167	14.999	14.979	15.019	17.11333	R	m3_data/M3-2_20210412_115127_Apr1cmqg_kait_R_c.fit
59316.494954	0.04167	14.893	14.864	14.922	16.80361	I	m3_data/M3-2_20210412_115244_Apr1cmqv_kait_I_c.fit
59318.466019	0.04167	16.271	16.225	16.317	17.22263	B	m3_data/M3-2_20210414_111104_Apr1elxq_kait_B_c.fit
59318.46691	0.04167	16.045	16.015	16.075	17.21191	V	m3_data/M3-2_20210414_111221_Apr1elyf_kait_V_c.fit
59318.467766	0.04167	15.71	15.681	15.739	16.96564	R	m3_data/M3-2_20210414_111335_Apr1elyu_kait_R_c.fit
59318.468657	0.04167	15.394	15.359	15.429	16.42508	I	m3_data/M3-2_20210414_111452_Apr1elzj_kait_I_c.fit
59318.470382	0.04167	16.317	16.271	16.363	17.17325	B	m3_data/M3-2_20210414_111721_Apr1eman_kait_B_c.fit
59318.471285	0.04167	15.985	15.953	16.017	17.13189	V	m3_data/M3-2_20210414_111839_Apr1embd_kait_V_c.fit
59318.472141	0.04167	15.713	15.682	15.744	16.71964	R	m3_data/M3-2_20210414_111953_Apr1embs_kait_R_c.fit
59318.473044	0.04167	15.453	15.416	15.49	16.47344	I	m3_data/M3-2_20210414_112111_Apr1emch_kait_I_c.fit
59318.474745	0.04167	16.36	16.303	16.417	17.08752	B	m3_data/M3-2_20210414_112338_Apr1emdl_kait_B_c.fit
59318.475637	0.04167	15.996	15.965	16.027	16.98108	V	m3_data/M3-2_20210414_112455_Apr1emdz_kait_V_c.fit
59318.476493	0.04167	15.737	15.708	15.766	16.91628	R	m3_data/M3-2_20210414_112609_Apr1emep_kait_R_c.fit
59318.477384	0.04167	15.495	15.456	15.534	16.56532	I	m3_data/M3-2_20210414_112726_Apr1emfd_kait_I_c.fit
59319.385845	0.04167	16.36	16.316	16.404	17.69967	B	m3_data/M3-2_20210415_091537_Apr1fjwj_kait_B_c.fit
59319.386748	0.04167	16.027	15.993	16.061	17.70072	V	m3_data/M3-2_20210415_091655_Apr1fjwx_kait_V_c.fit
59319.387593	0.04167	15.753	15.72	15.786	17.27484	R	m3_data/M3-2_20210415_091808_Apr1fjxn_kait_R_c.fit
59319.388484	0.04167	15.386	15.348	15.424	16.65013	I	m3_data/M3-2_20210415_091925_Apr1fjyb_kait_I_c.fit
59319.390208	0.04167	16.361	16.321	16.401	17.79314	B	m3_data/M3-2_20210415_092154_Apr1fjzg_kait_B_c.fit
59319.391088	0.04167	16.005	15.971	16.039	17.6443	V	m3_data/M3-2_20210415_092310_Apr1fjzv_kait_V_c.fit
59319.391933	0.04167	15.752	15.717	15.787	17.60107	R	m3_data/M3-2_20210415_092423_Apr1fkak_kait_R_c.fit
59319.392836	0.04167	15.411	15.369	15.453	16.97958	I	m3_data/M3-2_20210415_092541_Apr1fkay_kait_I_c.fit
59319.394525	0.04167	16.375	16.335	16.415	17.89765	B	m3_data/M3-2_20210415_092807_Apr1fkcd_kait_B_c.fit
59319.395451	0.04167	16.051	16.015	16.087	17.70939	V	m3_data/M3-2_20210415_092927_Apr1fkcs_kait_V_c.fit
59319.396308	0.04167	15.691	15.655	15.727	17.55775	R	m3_data/M3-2_20210415_093041_Apr1fkdh_kait_R_c.fit
59319.397199	0.04167	15.336	15.299	15.373	16.93239	I	m3_data/M3-2_20210415_093158_Apr1fkdw_kait_I_c.fit
59323.347176	0.04167	15.795	15.768	15.822	17.51685	B	m3_data/M3-2_20210419_081956_Apr1jiwq_kait_B_c.fit
59323.348067	0.04167	15.575	15.553	15.597	17.40664	V	m3_data/M3-2_20210419_082113_Apr1jixf_kait_V_c.fit
59323.3489	0.04167	15.329	15.308	15.35	17.13146	R	m3_data/M3-2_20210419_082225_Apr1jixu_kait_R_c.fit
59323.349792	0.04167	15.058	15.03	15.086	16.3953	I	m3_data/M3-2_20210419_082342_Apr1jiyj_kait_I_c.fit
59323.351505	0.04167	15.794	15.764	15.824	17.51037	B	m3_data/M3-2_20210419_082610_Apr1jizo_kait_B_c.fit
59323.352407	0.04167	15.563	15.543	15.583	17.36047	V	m3_data/M3-2_20210419_082728_Apr1jjac_kait_V_c.fit
59323.354178	0.04167	15.065	15.038	15.092	16.67354	I	m3_data/M3-2_20210419_083001_Apr1jjbg_kait_I_c.fit
59323.35588	0.04167	15.827	15.798	15.856	17.66155	B	m3_data/M3-2_20210419_083228_Apr1jjcl_kait_B_c.fit
59323.356782	0.04167	15.633	15.609	15.657	17.35959	V	m3_data/M3-2_20210419_083346_Apr1jjda_kait_V_c.fit
59323.357639	0.04167	15.371	15.347	15.395	17.24167	R	m3_data/M3-2_20210419_083500_Apr1jjdp_kait_R_c.fit
59323.35853	0.04167	15.055	15.026	15.084	16.80518	I	m3_data/M3-2_20210419_083617_Apr1jjee_kait_I_c.fit
59324.412407	0.04167	15.922	15.887	15.957	17.11805	B	m3_data/M3-2_20210420_095352_Apr1kkoa_kait_B_c.fit
59324.413333	0.04167	15.663	15.637	15.689	17.06048	V	m3_data/M3-2_20210420_095512_Apr1kkop_kait_V_c.fit
59324.41419	0.04167	15.402	15.377	15.427	17.02978	R	m3_data/M3-2_20210420_095626_Apr1kkpe_kait_R_c.fit
59324.415081	0.04167	15.077	15.042	15.112	16.45926	I	m3_data/M3-2_20210420_095743_Apr1kkpt_kait_I_c.fit
59324.416875	0.04167	15.914	15.881	15.947	17.46765	B	m3_data/M3-2_20210420_100018_Apr1kkqz_kait_B_c.fit
59324.417778	0.04167	15.644	15.617	15.671	17.36704	V	m3_data/M3-2_20210420_100136_Apr1kkrn_kait_V_c.fit
59324.418623	0.04167	15.403	15.377	15.429	17.15324	R	m3_data/M3-2_20210420_100249_Apr1kksd_kait_R_c.fit
59324.419514	0.04167	15.082	15.048	15.116	16.55091	I	m3_data/M3-2_20210420_100406_Apr1kkss_kait_I_c.fit
59324.421238	0.04167	15.93	15.895	15.965	17.54135	B	m3_data/M3-2_20210420_100635_Apr1kktw_kait_B_c.fit
59324.422106	0.04167	15.664	15.637	15.691	17.29567	V	m3_data/M3-2_20210420_100750_Apr1kkul_kait_V_c.fit
59324.422963	0.04167	15.396	15.369	15.423	17.02977	R	m3_data/M3-2_20210420_100904_Apr1kkva_kait_R_c.fit
59324.423854	0.04167	15.065	15.031	15.099	16.4393	I	m3_data/M3-2_20210420_101021_Apr1kkvp_kait_I_c.fit
