;; MJD	etburst	mag	-emag	+emag	limmag	filter	imagename
59295.357755	0.04167	15.173	15.143	15.203	18.03673	B	m3_data/M3-2_20210322_083510_Mar1mjdr_kait_B_c.fit
59295.358657	0.04167	14.767	14.743	14.791	17.93961	V	m3_data/M3-2_20210322_083628_Mar1mjeg_kait_V_c.fit
59295.359502	0.04167	14.4	14.377	14.423	17.81715	R	m3_data/M3-2_20210322_083741_Mar1mjev_kait_R_c.fit
59295.360405	0.04167	14.072	14.037	14.107	17.16546	I	m3_data/M3-2_20210322_083859_Mar1mjfk_kait_I_c.fit
59295.362118	0.04167	15.126	15.102	15.15	18.063	B	m3_data/M3-2_20210322_084127_Mar1mjgp_kait_B_c.fit
59295.363021	0.04167	14.777	14.752	14.802	18.02974	V	m3_data/M3-2_20210322_084245_Mar1mjhd_kait_V_c.fit
59295.363947	0.04167	14.413	14.386	14.44	17.86809	R	m3_data/M3-2_20210322_084405_Mar1mjht_kait_R_c.fit
59295.364838	0.04167	14.081	14.046	14.116	17.39794	I	m3_data/M3-2_20210322_084522_Mar1mjij_kait_I_c.fit
59295.366574	0.04167	15.136	15.102	15.17	17.57854	B	m3_data/M3-2_20210322_084752_Mar1mjjn_kait_B_c.fit
59295.367465	0.04167	14.706	14.677	14.735	17.67855	V	m3_data/M3-2_20210322_084909_Mar1mjkc_kait_V_c.fit
59295.36831	0.04167	14.448	14.42	14.476	17.79999	R	m3_data/M3-2_20210322_085022_Mar1mjks_kait_R_c.fit
59295.369213	0.04167	14.083	14.054	14.112	17.34366	I	m3_data/M3-2_20210322_085140_Mar1mjlg_kait_I_c.fit
59295.495648	0.04167	15.319	15.285	15.353	18.06755	B	m3_data/M3-2_20210322_115344_Mar1mmri_kait_B_c.fit
59295.496551	0.04167	14.881	14.853	14.909	17.97767	V	m3_data/M3-2_20210322_115502_Mar1mmrx_kait_V_c.fit
59295.497396	0.04167	14.521	14.489	14.553	17.62591	R	m3_data/M3-2_20210322_115615_Mar1mmsm_kait_R_c.fit
59295.498299	0.04167	14.13	14.095	14.165	16.95	I	m3_data/M3-2_20210322_115733_Mar1mmtb_kait_I_c.fit
59295.500093	0.04167	15.365	15.327	15.403	17.76157	B	m3_data/M3-2_20210322_120008_Mar1mmuf_kait_B_c.fit
59295.500961	0.04167	14.861	14.831	14.891	17.58579	V	m3_data/M3-2_20210322_120123_Mar1mmuv_kait_V_c.fit
59295.501817	0.04167	14.513	14.484	14.542	17.34111	R	m3_data/M3-2_20210322_120237_Mar1mmvk_kait_R_c.fit
59295.502708	0.04167	14.114	14.077	14.151	16.849	I	m3_data/M3-2_20210322_120354_Mar1mmvz_kait_I_c.fit
59295.504433	0.04167	15.357	15.32	15.394	17.75795	B	m3_data/M3-2_20210322_120623_Mar1mmxe_kait_B_c.fit
59295.505336	0.04167	14.862	14.833	14.891	17.52728	V	m3_data/M3-2_20210322_120741_Mar1mmxs_kait_V_c.fit
59295.506181	0.04167	14.474	14.438	14.51	17.25385	R	m3_data/M3-2_20210322_120854_Mar1mmyi_kait_R_c.fit
59295.50706	0.04167	14.063	14.022	14.104	16.74351	I	m3_data/M3-2_20210322_121010_Mar1mmyx_kait_I_c.fit
59300.339641	0.04167	14.782	14.753	14.811	17.41705	B	m3_data/M3-2_20210327_080905_Mar1rirq_kait_B_c.fit
59300.340532	0.04167	14.45	14.418	14.482	17.15522	V	m3_data/M3-2_20210327_081022_Mar1risf_kait_V_c.fit
59300.341389	0.04167	14.216	14.188	14.244	17.09511	R	m3_data/M3-2_20210327_081136_Mar1risu_kait_R_c.fit
59300.342361	0.04167	13.956	13.918	13.994	16.57585	I	m3_data/M3-2_20210327_081300_Mar1ritj_kait_I_c.fit
59300.344086	0.04167	14.712	14.684	14.74	17.49614	B	m3_data/M3-2_20210327_081529_Mar1riup_kait_B_c.fit
59300.344988	0.04167	14.511	14.486	14.536	17.53869	V	m3_data/M3-2_20210327_081647_Mar1rive_kait_V_c.fit
59300.345845	0.04167	14.289	14.261	14.317	17.45435	R	m3_data/M3-2_20210327_081801_Mar1rivt_kait_R_c.fit
59300.346736	0.04167	13.992	13.956	14.028	16.76597	I	m3_data/M3-2_20210327_081918_Mar1riwi_kait_I_c.fit
59300.348461	0.04167	14.729	14.702	14.756	17.72576	B	m3_data/M3-2_20210327_082147_Mar1rixm_kait_B_c.fit
59300.349352	0.04167	14.508	14.487	14.529	17.63435	V	m3_data/M3-2_20210327_082304_Mar1riyb_kait_V_c.fit
59300.350208	0.04167	14.308	14.279	14.337	17.58555	R	m3_data/M3-2_20210327_082418_Mar1riyr_kait_R_c.fit
59300.351111	0.04167	14.031	13.999	14.063	16.97404	I	m3_data/M3-2_20210327_082536_Mar1rizf_kait_I_c.fit
59305.455266	0.04167	15.318	15.28	15.356	17.63558	B	m3_data/M3-2_20210401_105535_Apr11lqm_kait_B_c.fit
59305.456134	0.04167	14.88	14.85	14.91	17.53109	V	m3_data/M3-2_20210401_105650_Apr11lrb_kait_V_c.fit
59305.457002	0.04167	14.539	14.507	14.571	17.45504	R	m3_data/M3-2_20210401_105805_Apr11lrq_kait_R_c.fit
59305.457963	0.04167	14.167	14.132	14.202	16.95335	I	m3_data/M3-2_20210401_105928_Apr11lsf_kait_I_c.fit
59305.459664	0.04167	15.229	15.192	15.266	17.49647	B	m3_data/M3-2_20210401_110155_Apr11ltk_kait_B_c.fit
59305.460556	0.04167	14.863	14.832	14.894	17.45612	V	m3_data/M3-2_20210401_110312_Apr11ltz_kait_V_c.fit
59305.461412	0.04167	14.52	14.491	14.549	17.41709	R	m3_data/M3-2_20210401_110426_Apr11luo_kait_R_c.fit
59305.462303	0.04167	14.107	14.07	14.144	16.79271	I	m3_data/M3-2_20210401_110543_Apr11lvd_kait_I_c.fit
59305.464039	0.04167	15.299	15.257	15.341	17.35648	B	m3_data/M3-2_20210401_110813_Apr11lwi_kait_B_c.fit
59305.464931	0.04167	14.861	14.834	14.888	17.54002	V	m3_data/M3-2_20210401_110930_Apr11lww_kait_V_c.fit
59305.465775	0.04167	14.415	14.381	14.449	17.0434	R	m3_data/M3-2_20210401_111043_Apr11lxm_kait_R_c.fit
59305.466678	0.04167	14.133	14.1	14.166	16.84758	I	m3_data/M3-2_20210401_111201_Apr11lya_kait_I_c.fit
59309.359954	0.04167	14.811	14.785	14.837	17.97742	B	m3_data/M3-2_20210405_083820_Apr15jfd_kait_B_c.fit
59309.360845	0.04167	14.504	14.477	14.531	17.56672	V	m3_data/M3-2_20210405_083937_Apr15jfs_kait_V_c.fit
59309.361701	0.04167	14.272	14.244	14.3	17.49357	R	m3_data/M3-2_20210405_084051_Apr15jgh_kait_R_c.fit
59309.362593	0.04167	13.918	13.88	13.956	16.82478	I	m3_data/M3-2_20210405_084208_Apr15jgw_kait_I_c.fit
59309.364317	0.04167	14.851	14.82	14.882	17.8303	B	m3_data/M3-2_20210405_084437_Apr15jib_kait_B_c.fit
59309.36522	0.04167	14.517	14.49	14.544	17.62471	V	m3_data/M3-2_20210405_084555_Apr15jip_kait_V_c.fit
59309.366076	0.04167	14.221	14.191	14.251	17.36794	R	m3_data/M3-2_20210405_084709_Apr15jjf_kait_R_c.fit
59309.367037	0.04167	13.932	13.895	13.969	16.91608	I	m3_data/M3-2_20210405_084832_Apr15jju_kait_I_c.fit
59309.368773	0.04167	14.878	14.848	14.908	17.93236	B	m3_data/M3-2_20210405_085102_Apr15jla_kait_B_c.fit
59309.370521	0.04167	14.24	14.21	14.27	17.26343	R	m3_data/M3-2_20210405_085333_Apr15jme_kait_R_c.fit
59309.371424	0.04167	13.843	13.795	13.891	16.54908	I	m3_data/M3-2_20210405_085451_Apr15jms_kait_I_c.fit
59310.359097	0.04167	13.256	13.18	13.332	16.25246	R	m3_data/M3-2_20210406_083706_Apr16jeo_kait_R_c.fit
59310.362685	0.04167	13.271	13.212	13.33	16.47103	V	m3_data/M3-2_20210406_084216_Apr16jgx_kait_V_c.fit
59315.410972	0.04167	15.635	15.503	15.767	16.8855	B	m3_data/M3-2_20210411_095148_Apr1bknb_kait_B_c.fit
59315.415336	0.04167	15.706	15.578	15.834	16.93665	B	m3_data/M3-2_20210411_095805_Apr1bkpy_kait_B_c.fit
59315.416227	0.04167	15.17	15.053	15.287	16.96374	V	m3_data/M3-2_20210411_095922_Apr1bkqn_kait_V_c.fit
59315.420648	0.04167	14.995	14.884	15.106	16.88874	V	m3_data/M3-2_20210411_100544_Apr1bktl_kait_V_c.fit
59316.483553	0.04167	15.066	15.027	15.105	17.525	B	m3_data/M3-2_20210412_113619_Apr1cmjh_kait_B_c.fit
59316.484444	0.04167	14.59	14.547	14.633	17.21486	V	m3_data/M3-2_20210412_113736_Apr1cmjw_kait_V_c.fit
59316.485301	0.04167	14.24	14.191	14.289	16.97853	R	m3_data/M3-2_20210412_113850_Apr1cmkl_kait_R_c.fit
59316.486192	0.04167	13.991	13.941	14.041	16.82725	I	m3_data/M3-2_20210412_114007_Apr1cmla_kait_I_c.fit
59316.487928	0.04167	15.035	14.996	15.074	17.31776	B	m3_data/M3-2_20210412_114237_Apr1cmme_kait_B_c.fit
59316.488819	0.04167	14.672	14.635	14.709	17.51253	V	m3_data/M3-2_20210412_114354_Apr1cmmt_kait_V_c.fit
59316.489664	0.04167	14.3	14.259	14.341	17.22265	R	m3_data/M3-2_20210412_114507_Apr1cmnj_kait_R_c.fit
59316.49059	0.04167	13.965	13.917	14.013	16.88582	I	m3_data/M3-2_20210412_114627_Apr1cmny_kait_I_c.fit
59316.492315	0.04167	15.056	15.019	15.093	17.40574	B	m3_data/M3-2_20210412_114856_Apr1cmpc_kait_B_c.fit
59316.493206	0.04167	14.627	14.593	14.661	17.42666	V	m3_data/M3-2_20210412_115013_Apr1cmpr_kait_V_c.fit
59316.494062	0.04167	14.244	14.205	14.283	17.11222	R	m3_data/M3-2_20210412_115127_Apr1cmqg_kait_R_c.fit
59316.494954	0.04167	13.889	13.842	13.936	16.79072	I	m3_data/M3-2_20210412_115244_Apr1cmqv_kait_I_c.fit
59318.466019	0.04167	15.244	15.19	15.298	17.23115	B	m3_data/M3-2_20210414_111104_Apr1elxq_kait_B_c.fit
59318.46691	0.04167	14.795	14.755	14.835	17.21578	V	m3_data/M3-2_20210414_111221_Apr1elyf_kait_V_c.fit
59318.467766	0.04167	14.388	14.34	14.436	16.96436	R	m3_data/M3-2_20210414_111335_Apr1elyu_kait_R_c.fit
59318.468657	0.04167	13.905	13.82	13.99	16.41853	I	m3_data/M3-2_20210414_111452_Apr1elzj_kait_I_c.fit
59318.470382	0.04167	15.22	15.167	15.273	17.17677	B	m3_data/M3-2_20210414_111721_Apr1eman_kait_B_c.fit
59318.471285	0.04167	14.756	14.706	14.806	17.13259	V	m3_data/M3-2_20210414_111839_Apr1embd_kait_V_c.fit
59318.473044	0.04167	13.971	13.898	14.044	16.46472	I	m3_data/M3-2_20210414_112111_Apr1emch_kait_I_c.fit
59318.474745	0.04167	15.132	15.07	15.194	17.08296	B	m3_data/M3-2_20210414_112338_Apr1emdl_kait_B_c.fit
59318.476493	0.04167	14.349	14.3	14.398	16.91184	R	m3_data/M3-2_20210414_112609_Apr1emep_kait_R_c.fit
59318.477384	0.04167	14.007	13.957	14.057	16.55985	I	m3_data/M3-2_20210414_112726_Apr1emfd_kait_I_c.fit
59319.385845	0.04167	14.807	14.779	14.835	17.69444	B	m3_data/M3-2_20210415_091537_Apr1fjwj_kait_B_c.fit
59319.386748	0.04167	14.561	14.536	14.586	17.69368	V	m3_data/M3-2_20210415_091655_Apr1fjwx_kait_V_c.fit
59319.387593	0.04167	14.228	14.201	14.255	17.26699	R	m3_data/M3-2_20210415_091808_Apr1fjxn_kait_R_c.fit
59319.388484	0.04167	13.861	13.817	13.905	16.66157	I	m3_data/M3-2_20210415_091925_Apr1fjyb_kait_I_c.fit
59319.390208	0.04167	14.866	14.836	14.896	17.78425	B	m3_data/M3-2_20210415_092154_Apr1fjzg_kait_B_c.fit
59319.391088	0.04167	14.564	14.539	14.589	17.63309	V	m3_data/M3-2_20210415_092310_Apr1fjzv_kait_V_c.fit
59319.391933	0.04167	14.298	14.271	14.325	17.58804	R	m3_data/M3-2_20210415_092423_Apr1fkak_kait_R_c.fit
59319.392836	0.04167	13.966	13.933	13.999	16.97519	I	m3_data/M3-2_20210415_092541_Apr1fkay_kait_I_c.fit
59319.394525	0.04167	14.91	14.881	14.939	17.90209	B	m3_data/M3-2_20210415_092807_Apr1fkcd_kait_B_c.fit
59319.395451	0.04167	14.572	14.55	14.594	17.70559	V	m3_data/M3-2_20210415_092927_Apr1fkcs_kait_V_c.fit
59319.396308	0.04167	14.297	14.27	14.324	17.54948	R	m3_data/M3-2_20210415_093041_Apr1fkdh_kait_R_c.fit
59319.397199	0.04167	13.965	13.932	13.998	16.92875	I	m3_data/M3-2_20210415_093158_Apr1fkdw_kait_I_c.fit
59323.347176	0.04167	14.841	14.813	14.869	17.51321	B	m3_data/M3-2_20210419_081956_Apr1jiwq_kait_B_c.fit
59323.348067	0.04167	14.532	14.508	14.556	17.3986	V	m3_data/M3-2_20210419_082113_Apr1jixf_kait_V_c.fit
59323.3489	0.04167	14.217	14.185	14.249	17.12552	R	m3_data/M3-2_20210419_082225_Apr1jixu_kait_R_c.fit
59323.351505	0.04167	14.811	14.783	14.839	17.49888	B	m3_data/M3-2_20210419_082610_Apr1jizo_kait_B_c.fit
59323.352407	0.04167	14.535	14.51	14.56	17.35326	V	m3_data/M3-2_20210419_082728_Apr1jjac_kait_V_c.fit
59323.354178	0.04167	13.924	13.891	13.957	16.67865	I	m3_data/M3-2_20210419_083001_Apr1jjbg_kait_I_c.fit
59323.35588	0.04167	14.876	14.849	14.903	17.65198	B	m3_data/M3-2_20210419_083228_Apr1jjcl_kait_B_c.fit
59323.356782	0.04167	14.523	14.495	14.551	17.34797	V	m3_data/M3-2_20210419_083346_Apr1jjda_kait_V_c.fit
59323.357639	0.04167	14.25	14.22	14.28	17.23632	R	m3_data/M3-2_20210419_083500_Apr1jjdp_kait_R_c.fit
59323.35853	0.04167	13.964	13.929	13.999	16.8078	I	m3_data/M3-2_20210419_083617_Apr1jjee_kait_I_c.fit
59324.412407	0.04167	14.408	14.372	14.444	17.09224	B	m3_data/M3-2_20210420_095352_Apr1kkoa_kait_B_c.fit
59324.413333	0.04167	14.215	14.177	14.253	17.0371	V	m3_data/M3-2_20210420_095512_Apr1kkop_kait_V_c.fit
59324.41419	0.04167	14.022	13.977	14.067	17.01468	R	m3_data/M3-2_20210420_095626_Apr1kkpe_kait_R_c.fit
59324.415081	0.04167	14.284	14.164	14.404	16.44962	I	m3_data/M3-2_20210420_095743_Apr1kkpt_kait_I_c.fit
59324.416875	0.04167	14.5	14.472	14.528	17.44941	B	m3_data/M3-2_20210420_100018_Apr1kkqz_kait_B_c.fit
59324.417778	0.04167	14.28	14.255	14.305	17.34991	V	m3_data/M3-2_20210420_100136_Apr1kkrn_kait_V_c.fit
59324.418623	0.04167	14.085	14.051	14.119	17.1393	R	m3_data/M3-2_20210420_100249_Apr1kksd_kait_R_c.fit
59324.419514	0.04167	13.761	13.705	13.817	16.54177	I	m3_data/M3-2_20210420_100406_Apr1kkss_kait_I_c.fit
59324.421238	0.04167	14.484	14.458	14.51	17.54112	B	m3_data/M3-2_20210420_100635_Apr1kktw_kait_B_c.fit
59324.422106	0.04167	14.251	14.221	14.281	17.27813	V	m3_data/M3-2_20210420_100750_Apr1kkul_kait_V_c.fit
59324.422963	0.04167	13.998	13.955	14.041	17.01224	R	m3_data/M3-2_20210420_100904_Apr1kkva_kait_R_c.fit
59324.423854	0.04167	13.743	13.676	13.81	16.43616	I	m3_data/M3-2_20210420_101021_Apr1kkvp_kait_I_c.fit
