#Fourier parameters of the combined CCD V light curves of RRab variables with stable light curves
#Star O-C Oo  P           V_m       V_i     A1     A2     A3     A4     A5     Phi_21 Phi_31 Phi_41 Phi_51  A_V    Datasets used  

v001   n   I  0.5205962   15.690   15.632   0.405  0.175  0.137  0.096  0.069  2.341  4.734  1.105  3.749   1.17   19,22
v006   p   I  0.5143345   15.758   15.705   0.385  0.178  0.139  0.091  0.063  2.267  4.820  1.152  3.848   1.13   22,24
v009   ni  I  0.5415533   15.694   15.647   0.366  0.163  0.128  0.087  0.061  2.264  4.801  1.194  3.878   1.06   19,22,24
v011   n   I  0.5078914   15.699   15.631   0.437  0.198  0.152  0.099  0.073  2.265  4.762  1.118  3.729   1.26   19,20,22,24
v015   p   I  0.5300847   15.668   15.617   0.380  0.169  0.135  0.089  0.064  2.230  4.740  1.067  3.697   1.09   19,20,22,24
v016   n   I  0.5114926   15.761   15.704   0.398  0.186  0.145  0.092  0.067  2.281  4.849  1.197  3.883   1.17   19,22,24
v018   i   I  0.5164542   15.755   15.701   0.384  0.183  0.141  0.093  0.062  2.280  4.858  1.229  3.913   1.14   20,21,22,24
v019   n   I  0.6319765   15.695   15.685   0.184  0.074  0.039  0.014  0.007  2.581  5.486  2.388  6.104   0.45   19,21,22,24
v021   pi  I  0.5157610   15.726   15.671   0.392  0.184  0.142  0.093  0.064  2.272  4.842  1.195  3.828   1.16   22,24
v025   i   I  0.4800621   15.741   15.674   0.425  0.200  0.147  0.099  0.070  2.254  4.633  1.004  3.477   1.20   18,19,22
v026   ni II  0.5977426   15.641   15.602   0.336  0.153  0.120  0.077  0.053  2.297  4.924  1.362  4.140   0.99   19,22,24
v027   n   I  0.5790647   15.684   15.653   0.301  0.148  0.105  0.066  0.039  2.367  5.145  1.621  4.490   0.88   21,22,24
v030   s   I  0.5120891   15.725   15.675   0.356  0.188  0.146  0.092  0.063  2.326  4.940  1.320  4.025   1.13   22
v031   si II  0.5807222   15.611   15.555   0.389  0.196  0.139  0.095  0.063  2.342  5.049  1.402  4.249   1.18   19,22
v032   n   I  0.4953497   15.732   15.672   0.417  0.176  0.144  0.096  0.060  2.282  4.674  1.064  3.596   1.17   19,22,24
v036   i  II  0.5455931   15.667   15.606   0.409  0.194  0.146  0.097  0.067  2.270  4.907  1.255  3.970   1.20   22,24
v040   n   I  0.5515380   15.717   15.677   0.336  0.160  0.119  0.076  0.049  2.297  4.957  1.372  4.156   0.98   19,20,22,24
v042   ni II  0.5900917   15.563   15.495   0.437  0.217  0.144  0.096  0.070  2.356  5.055  1.430  4.263   1.25   19,22
v046   p   I  0.6133852   15.716   15.703   0.208  0.090  0.055  0.025  0.010  2.511  5.360  2.060  5.455   0.54   19,22,24
v051   n   I  0.5839691   15.692   15.663   0.295  0.140  0.102  0.062  0.034  2.375  5.109  1.656  4.548   0.85   19,20,22,24
v053   n   I  0.5048792   15.731   15.671   0.410  0.182  0.146  0.094  0.068  2.238  4.768  1.094  3.741   1.18   20,22
v055   p   I  0.5298230   15.727   15.677   0.377  0.170  0.133  0.086  0.063  2.262  4.808  1.167  3.837   1.09   21,22,24
v057   ni  I  0.5121895   15.745   15.694   0.377  0.177  0.131  0.086  0.063  2.239  4.819  1.219  3.984   1.10   18,19,21,22
v058   i  II  0.5170556   15.668   15.597   0.443  0.207  0.155  0.103  0.074  2.255  4.856  1.125  3.806   1.29   22
v060   p  II  0.7077281   15.525   15.505   0.253  0.119  0.073  0.031  0.012  2.682  5.583  2.406  5.395   0.69   19,22,24
v064   s   I  0.6054587   15.691   15.670   0.253  0.120  0.078  0.043  0.019  2.459  5.282  1.919  5.022   0.71   19,20,21,22,24
v065   i  II  0.6683468   15.538   15.502   0.324  0.169  0.110  0.060  0.028  2.590  5.355  2.074  4.741   0.92   19,20,21,22,24
v069   p   I  0.5666166   15.709   15.677   0.303  0.149  0.109  0.068  0.038  2.332  5.048  1.510  4.366   0.89   18,19,20,21,22
v072   p   I  0.4560798   15.746   15.670   0.459  0.206  0.154  0.102  0.072  2.223  4.681  1.011  3.595   1.30   21,22,24
v074   p   I  0.4921539   15.752   15.685   0.430  0.195  0.153  0.101  0.073  2.268  4.733  1.066  3.661   1.26   19,20,21,22
v076   p   I  0.5017626   15.781   15.716   0.427  0.191  0.152  0.093  0.068  2.263  4.747  1.094  3.730   1.15   18,19,22
v081   pi  I  0.5291203   15.728   15.678   0.380  0.171  0.133  0.091  0.060  2.252  4.785  1.174  3.810   1.08   19,21,22
v082   p   I  0.5245273   15.702   15.649   0.386  0.172  0.134  0.092  0.062  2.246  4.721  1.087  3.707   1.12   19
v083   p   I  0.5012661   15.741   15.679   0.416  0.186  0.144  0.097  0.070  2.240  4.694  1.084  3.667   1.20   21,22,24
v084   n   I  0.5957282   15.681   15.660   0.253  0.122  0.083  0.047  0.022  2.403  5.222  1.796  4.826   0.73   19,20,21,22
v089   si  I  0.5484790   15.688   15.644   0.351  0.168  0.125  0.080  0.053  2.282  4.938  1.322  4.016   1.00   19,22,24
v090   si  I  0.5170302   15.732   15.676   0.394  0.181  0.142  0.093  0.066  2.249  4.793  1.136  3.787   1.15   19,20,21,22,24
v093   i   I  0.6022962   15.659   15.637   0.258  0.121  0.087  0.047  0.024  2.411  5.176  1.758  4.721   0.74   19,21,22
v094   si  I  0.5236932   15.730   15.678   0.385  0.176  0.137  0.090  0.063  2.268  4.825  1.183  3.853   1.12   19,21,22,24
v096   n   I  0.4994147   15.718   15.653   0.424  0.195  0.152  0.098  0.071  2.255  4.803  1.164  3.777   1.24   19,21,22
v100   s   I  0.6188123   15.721   15.704   0.235  0.107  0.066  0.034  0.015  2.467  5.323  2.026  5.152   0.64   19,21,22,24
v108   p   I  0.5196107   15.754   15.700   0.388  0.181  0.140  0.094  0.063  2.251  4.793  1.134  3.823   1.14   19,21,22
v109   n   I  0.5339203   15.743   15.693   0.373  0.178  0.134  0.087  0.060  2.315  4.946  1.337  4.087   1.12   18,19,22,24
v114   s   I  0.5977291   15.717   15.689   0.280  0.146  0.094  0.062  0.038  2.261  5.163  1.402  4.512   0.84   19,22
v116   si  I  0.5148113   15.722   15.666   0.393  0.181  0.140  0.092  0.067  2.242  4.747  1.056  3.687   1.15   22,24
v118   p   I  0.4993901   15.754   15.692   0.418  0.184  0.147  0.098  0.069  2.265  4.784  1.118  3.753   1.21   19,20,21,22,24
v119   i   I  0.5176898   15.729   15.673   0.401  0.173  0.140  0.096  0.067  2.242  4.700  1.060  3.637   1.14   19,21,22
v120   si  I  0.6401391   15.634   15.625   0.176  0.070  0.036  0.014  0.007  2.538  5.450  2.477  6.024   0.42   19,21,22,24
v124   p  II  0.7524392   15.554   15.548   0.149  0.051  0.019  0.006  0.004  2.770  5.884  3.162  6.789   0.34   19,20,22,24
v137   p   I  0.5751487   15.651   15.620   0.298  0.141  0.113  0.073  0.044  2.320  4.961  1.439  4.280   0.90   21,22
v139   n  II  0.5599893   15.641   15.579   0.411  0.212  0.145  0.093  0.068  2.310  5.019  1.344  4.100   1.21   21,22
v142   p   I  0.5686290   15.721   15.684   0.324  0.158  0.117  0.075  0.043  2.267  5.004  1.417  4.180   0.95   21,22
v167   ni  I  0.6439581   15.687   15.680   0.167  0.059  0.029  0.007  0.003  2.622  5.549  2.774  5.903   0.38   22,24
v202   s  II  0.7735715   15.556   15.555   0.071  0.011  0.002  0.000  0.000  2.723  6.678  2.711  8.380   0.15   22,24

#Fourier parameters of the combined CCD V light curves of Blazhko RRab variables
#Star O-C Oo  P           V_m       V_i     A1     A2     A3     A4     A5     Phi_21 Phi_31 Phi_41 Phi_51 <A_V>  A_min  A_max  dPhi[d]  Datasets used  

v003   I  II  0.5581978   15.649   15.590   0.408  0.203  0.137  0.088  0.062  2.307  4.968  1.314  3.993   1.17   1.00   1.34   0.008   19,22
v005   i   I  0.5057038   15.665   15.635   0.324  0.131  0.054  0.028  0.017  2.102  4.417  0.667  2.214   0.80   0.42   1.26   0.105   19,21,22,24
v007   n   I  0.4974249   15.704   15.648   0.409  0.172  0.132  0.083  0.055  2.208  4.650  0.997  3.578   1.12   1.02   1.23   0.006   19,21,22
v010   p   I  0.5695475   15.687   15.654   0.309  0.142  0.107  0.065  0.041  2.286  4.910  1.352  4.155   0.89   0.80   0.95   0.012   18,19,20,21,22,24
v014   n  II  0.6358983   15.576   15.539   0.337  0.162  0.099  0.061  0.027  2.481  5.202  1.842  4.667   0.90   0.72   1.20   0.010   19,20,22,24
v017   i   I  0.5761640   15.678   15.651   0.295  0.127  0.080  0.039  0.015  2.385  5.013  1.452  3.771   0.80   0.53   1.08   0.044   19,20,21,22,24
v020   i   I  0.4912651   15.678   15.635   0.391  0.141  0.067  0.023  0.009  2.283  4.661  0.766  1.384   0.93   0.80   1.24   0.046   19,21,22,24
v022   i   I  0.4814064   15.768   15.715   0.409  0.178  0.098  0.058  0.035  2.226  4.540  0.688  2.892   1.03   0.75   1.46   0.041   22,24
v023   i   I  0.5953829   15.653   15.629   0.278  0.122  0.085  0.043  0.024  2.361  4.994  1.528  4.411   0.70   0.55   0.94   0.010   19,20,21,22
v024   i  II  0.6633802   15.552   15.531   0.262  0.112  0.073  0.048  0.020  2.663  5.584  2.270  5.407   0.69   0.56   0.82   0.013   18,19,21,22
v028   i   I  0.4706370   15.756   15.717   0.367  0.150  0.072  0.035  0.013  2.353  4.815  1.270  3.453   0.82   0.52   1.16   0.071   22,24
v033   i   I  0.5252413   15.686   15.639   0.400  0.153  0.083  0.038  0.020  2.210  4.598  0.613  2.642   0.92   0.60   1.60   0.059   19,22,24
v034   i   I  0.5591168   15.692   15.666   0.307  0.104  0.054  0.020  0.013  2.378  4.877  0.810  2.686   0.74   0.42   1.05   0.072   18,19,20,21,22,24
v035   i   I  0.5305316   15.686   15.656   0.327  0.107  0.060  0.029  0.015  2.330  4.539  0.929  2.943   0.72   0.40   1.30   0.126   19,20,22,24
v038   ni  I  0.5580095   15.725   15.692   0.331  0.142  0.076  0.039  0.022  2.407  5.109  1.575  4.293   0.80   0.52   1.22   0.035   19,21,22,24
v039   p   I  0.5870829   15.714   15.684   0.310  0.128  0.076  0.043  0.022  2.310  4.848  1.092  3.680   0.75   0.54   0.93   0.023   19,21,22,24
v041   i   I  0.4852370   15.699   15.654   0.389  0.159  0.087  0.045  0.022  2.278  4.913  1.353  3.866   0.88   0.30   1.18   0.107   18,19,22,24
v043   i   I  0.5405129   15.724   15.678   0.366  0.159  0.123  0.077  0.054  2.291  4.910  1.289  3.946   1.00   0.90   1.33   0.014   19,21,22
v044   i   I  0.5064827   15.649   15.624   0.318  0.073  0.036  0.012  0.005  2.232  4.674  0.562  3.067   0.70   0.40   1.20   0.172   19,21,22,24
v045   i   I  0.5369053   15.733   15.698   0.335  0.147  0.096  0.050  0.028  2.343  4.965  1.326  3.939   0.90   0.85   1.05   0.021   19,21,22,24
v047   i   I  0.5408727   15.730   15.708   0.275  0.101  0.066  0.034  0.020  2.057  4.525  0.793  3.302   0.65   0.25   1.05   0.065   22,24
v048   i   I  0.6278290   15.627   15.613   0.211  0.095  0.064  0.036  0.015  2.453  5.157  1.789  4.961   0.57   0.49   0.67   0.010   19,22,24
v049   ni  I  0.5482064   15.699   15.647   0.383  0.177  0.133  0.091  0.060  2.230  4.762  1.068  3.732   1.10   0.50   1.23   0.008   19,22,24
v050   i   I  0.5128967   15.704   15.679   0.308  0.091  0.060  0.034  0.018  2.322  4.865  1.092  3.677   0.75   0.50   1.16   0.093   20,21,22,24
v052   i   I  0.5162360   15.707   15.666   0.361  0.141  0.099  0.066  0.042  2.345  4.947  1.442  4.022   0.90   0.40   1.17   0.031   19,20,22,24
v054   i   I  0.5062792   15.715   15.683   0.332  0.129  0.072  0.043  0.021  2.348  4.993  1.307  3.675   0.79   0.62   1.08   0.075   19,21,22,24
v059   pi  I  0.5888260   15.701   15.673   0.292  0.138  0.094  0.055  0.027  2.425  5.186  1.728  4.641   0.82   0.67   0.92   0.008   19,20,21,22,24
v061   i   I  0.5208950   15.738   15.703   0.346  0.134  0.077  0.041  0.019  2.297  4.669  0.923  3.347   0.82   0.54   1.21   0.067   19,20,21,22,24
v062   i   I  0.6524059   15.651   15.639   0.200  0.090  0.047  0.020  0.009  2.585  5.495  2.473  5.871   0.52   0.47   0.57   0.014   19,20,21,22,24
v063   n   I  0.5703993   15.714   15.688   0.283  0.120  0.082  0.049  0.030  2.420  5.087  1.633  4.400   0.74   0.48   1.01   0.018   19,20,21,22,24
v066   i   I  0.6201944   15.659   15.646   0.216  0.084  0.050  0.021  0.012  2.432  5.202  1.740  4.802   0.50   0.28   0.77   0.040   18,19,20,21,22,24
v067   ni  I  0.5683318   15.699   15.673   0.284  0.125  0.085  0.051  0.031  2.328  5.049  1.570  4.400   0.75   0.51   1.13   0.019   18,19,20,21,22,24
v071   s   I  0.5490501   15.718   15.687   0.312  0.133  0.093  0.053  0.036  2.424  5.080  1.396  4.141   0.81   0.56   1.17   0.011   19,21,22,24
v073   i   I  0.6734882   15.627   15.624   0.114  0.033  0.007  0.004  0.004  2.565  5.794  3.266  7.453   0.25   0.24   0.26   0.003   21,22,24
v077   pi  I  0.4593507   15.805   15.722   0.492  0.214  0.154  0.100  0.065  2.233  4.725  1.076  3.683   1.31   1.18   1.41   0.013   18,19,22,24
v078   i   I  0.6119191   15.595   15.572   0.266  0.120  0.083  0.053  0.027  2.391  5.116  1.488  4.186   0.73   0.47   0.93   0.013   18,21,22,24
v079   i   I  0.4833034   15.779   15.721   0.402  0.193  0.140  0.094  0.067  2.331  4.929  1.320  4.001   1.18   0.84   1.41   0.004   24
v080   i   I  0.5383568   15.677   15.639   0.344  0.150  0.104  0.063  0.040  2.329  4.904  1.243  3.805   0.85   0.53   1.00   0.027   22,24
v091   ni  I  0.5301263   15.686   15.637   0.382  0.181  0.104  0.075  0.043  2.320  4.777  0.959  3.508   1.08   0.72   1.25   0.049   19,24
v092   i   I  0.5035514   15.692   15.639   0.397  0.174  0.122  0.074  0.047  2.241  4.812  1.187  3.835   1.02   0.94   1.12   0.015   19,20,22,24
v101   ni  I  0.6438897   15.687   15.673   0.214  0.093  0.052  0.024  0.006  2.515  5.338  2.191  5.299   0.54   0.44   0.63   0.022   21,22,24
v104   i  II  0.5699273   15.605   15.554   0.377  0.182  0.132  0.087  0.062  2.334  4.967  1.310  4.048   1.11   0.99   1.23   0.008   19,20,21,22,24
v106   i   I  0.5471473   15.670   15.645   0.298  0.117  0.052  0.016  0.003  2.505  4.968  1.079  3.791   0.73   0.43   1.08   0.083   19,20,22,24
v110   i   I  0.5354622   15.744   15.699   0.362  0.163  0.122  0.076  0.052  2.320  4.880  1.231  4.001   1.00   0.76   1.20   0.011   18,19,22,24
v111   i   I  0.5101920   15.726   15.687   0.367  0.146  0.065  0.029  0.018  2.315  4.543  0.546  3.002   0.91   0.64   1.25   0.035   18,19,22
v117   pi  I  0.6005372   15.661   15.632   0.292  0.140  0.086  0.053  0.032  2.426  5.039  1.423  3.877   0.83   0.60   1.05   0.050   19,21,22,24
v119   i   I  0.5177027   15.679   15.635   0.371  0.161  0.102  0.062  0.039  2.176  4.613  0.884  3.278   0.98   0.82   1.32   0.042   24
v121   i   I  0.5352087   15.753   15.727   0.298  0.104  0.061  0.031  0.007  2.089  4.217  0.515  3.577   0.72   0.53   0.95   0.037   19,22
v130   i   I  0.5687360   15.716   15.690   0.306  0.109  0.048  0.035  0.019  2.491  5.143  1.655  4.271   0.70   0.30   1.00   0.076   24
v133   s   I  0.5507230   15.723   15.686   0.330  0.162  0.107  0.066  0.044  2.452  5.076  1.317  4.316   0.93   0.86   1.03   0.009   18,19,22
v144   i   I  0.5967784   15.667   15.647   0.266  0.101  0.069  0.026  0.009  2.419  5.059  1.232  3.118   0.62   0.54   0.74   0.012   19,22
