;; MJD	etburst	mag	-emag	+emag	limmag	filter	imagename
59140.133032	0.04167	15.758	15.74	15.776	18.22329	V	m15_data3/M15-3_20201018_031134_Oct0idkg_kait_V_c.fit
59140.139306	0.04167	15.947	15.919	15.975	18.5091	B	m15_data3/M15-3_20201018_032036_Oct0idol_kait_B_c.fit
59140.140208	0.04167	15.717	15.699	15.735	18.52391	V	m15_data3/M15-3_20201018_032154_Oct0idpb_kait_V_c.fit
59140.14647	0.04167	15.937	15.909	15.965	18.25031	B	m15_data3/M15-3_20201018_033055_Oct0idtf_kait_B_c.fit
59140.147361	0.04167	15.728	15.708	15.748	18.45401	V	m15_data3/M15-3_20201018_033212_Oct0idtv_kait_V_c.fit
59140.181586	0.04167	15.819	15.794	15.844	18.40652	B	m15_data3/M15-3_20201018_042129_Oct0ieqp_kait_B_c.fit
59140.182488	0.04167	15.62	15.6	15.64	18.13583	V	m15_data3/M15-3_20201018_042247_Oct0iere_kait_V_c.fit
59140.188785	0.04167	15.839	15.816	15.862	18.24119	B	m15_data3/M15-3_20201018_043151_Oct0ievj_kait_B_c.fit
59140.189688	0.04167	15.601	15.586	15.616	18.50761	V	m15_data3/M15-3_20201018_043309_Oct0ievy_kait_V_c.fit
59140.196042	0.04167	15.909	15.877	15.941	18.00923	B	m15_data3/M15-3_20201018_044218_Oct0ifad_kait_B_c.fit
59140.196933	0.04167	15.663	15.646	15.68	18.31584	V	m15_data3/M15-3_20201018_044335_Oct0ifat_kait_V_c.fit
59140.211262	0.04167	15.918	15.897	15.939	18.14635	B	m15_data3/M15-3_20201018_050413_Oct0ifkh_kait_B_c.fit
59140.212164	0.04167	15.706	15.687	15.725	18.10592	V	m15_data3/M15-3_20201018_050531_Oct0ifkw_kait_V_c.fit
59140.218449	0.04167	15.972	15.943	16.001	17.95509	B	m15_data3/M15-3_20201018_051434_Oct0ifpb_kait_B_c.fit
59140.219352	0.04167	15.715	15.701	15.729	18.41453	V	m15_data3/M15-3_20201018_051552_Oct0ifpr_kait_V_c.fit
59140.225648	0.04167	15.961	15.937	15.985	18.21076	B	m15_data3/M15-3_20201018_052456_Oct0iftv_kait_B_c.fit
59140.226516	0.04167	15.77	15.752	15.788	18.2821	V	m15_data3/M15-3_20201018_052611_Oct0iful_kait_V_c.fit
59140.239745	0.04167	16.049	16.018	16.08	17.82308	B	m15_data3/M15-3_20201018_054514_Oct0igdf_kait_B_c.fit
59140.240637	0.04167	15.767	15.753	15.781	18.33306	V	m15_data3/M15-3_20201018_054631_Oct0igdv_kait_V_c.fit
59140.246944	0.04167	16.017	15.986	16.048	18.2519	B	m15_data3/M15-3_20201018_055536_Oct0igia_kait_B_c.fit
59140.247882	0.04167	15.846	15.827	15.865	18.244	V	m15_data3/M15-3_20201018_055657_Oct0igiq_kait_V_c.fit
59140.25412	0.04167	16.125	16.096	16.154	18.01474	B	m15_data3/M15-3_20201018_060556_Oct0igmu_kait_B_c.fit
59140.255023	0.04167	15.846	15.825	15.867	17.93358	V	m15_data3/M15-3_20201018_060714_Oct0ignj_kait_V_c.fit
59140.268275	0.04167	16.104	16.074	16.134	18.00256	B	m15_data3/M15-3_20201018_062619_Oct0igwf_kait_B_c.fit
59140.269178	0.04167	15.871	15.851	15.891	18.00588	V	m15_data3/M15-3_20201018_062737_Oct0igwu_kait_V_c.fit
59140.275463	0.04167	16.131	16.1	16.162	18.06283	B	m15_data3/M15-3_20201018_063640_Oct0ihay_kait_B_c.fit
59140.276354	0.04167	15.873	15.846	15.9	17.92382	V	m15_data3/M15-3_20201018_063757_Oct0ihbo_kait_V_c.fit
59140.282731	0.04167	16.209	16.176	16.242	17.97032	B	m15_data3/M15-3_20201018_064708_Oct0ihfu_kait_B_c.fit
59140.283623	0.04167	15.951	15.929	15.973	18.0878	V	m15_data3/M15-3_20201018_064825_Oct0ihgj_kait_V_c.fit
59141.108206	0.04167	16.373	16.337	16.409	18.3664	B	m15_data3/M15-3_20201019_023549_Oct0jctu_kait_B_c.fit
59141.109097	0.04167	16.046	16.02	16.072	18.51483	V	m15_data3/M15-3_20201019_023706_Oct0jcuk_kait_V_c.fit
59141.115428	0.04167	16.367	16.337	16.397	18.55004	B	m15_data3/M15-3_20201019_024613_Oct0jcyp_kait_B_c.fit
59141.116331	0.04167	16.065	16.044	16.086	18.51212	V	m15_data3/M15-3_20201019_024731_Oct0jcze_kait_V_c.fit
59141.122639	0.04167	16.393	16.36	16.426	18.52904	B	m15_data3/M15-3_20201019_025636_Oct0jddk_kait_B_c.fit
59141.123519	0.04167	16.108	16.088	16.128	18.54758	V	m15_data3/M15-3_20201019_025752_Oct0jddz_kait_V_c.fit
59141.136678	0.04167	16.473	16.439	16.507	18.39207	B	m15_data3/M15-3_20201019_031649_Oct0jdms_kait_B_c.fit
59141.137569	0.04167	16.156	16.134	16.178	18.43926	V	m15_data3/M15-3_20201019_031806_Oct0jdni_kait_V_c.fit
59141.143889	0.04167	16.451	16.424	16.478	18.54603	B	m15_data3/M15-3_20201019_032712_Oct0jdrn_kait_B_c.fit
59141.14478	0.04167	16.167	16.139	16.195	17.88806	V	m15_data3/M15-3_20201019_032829_Oct0jdsd_kait_V_c.fit
59141.151019	0.04167	16.504	16.471	16.537	18.42881	B	m15_data3/M15-3_20201019_033728_Oct0jdwg_kait_B_c.fit
59141.15191	0.04167	16.225	16.201	16.249	18.00215	V	m15_data3/M15-3_20201019_033845_Oct0jdwv_kait_V_c.fit
59141.166157	0.04167	16.506	16.47	16.542	18.43162	B	m15_data3/M15-3_20201019_035916_Oct0jegi_kait_B_c.fit
59141.16706	0.04167	16.192	16.165	16.219	18.33777	V	m15_data3/M15-3_20201019_040034_Oct0jegx_kait_V_c.fit
59141.173368	0.04167	16.559	16.517	16.601	17.87724	B	m15_data3/M15-3_20201019_040939_Oct0jelc_kait_B_c.fit
59141.174259	0.04167	16.341	16.294	16.388	17.84748	V	m15_data3/M15-3_20201019_041056_Oct0jels_kait_V_c.fit
59141.180579	0.04167	16.433	16.399	16.467	18.38146	B	m15_data3/M15-3_20201019_042002_Oct0jepx_kait_B_c.fit
59141.181481	0.04167	16.203	16.183	16.223	18.20027	V	m15_data3/M15-3_20201019_042120_Oct0jeqm_kait_V_c.fit
59141.194676	0.04167	16.563	16.528	16.598	18.41933	B	m15_data3/M15-3_20201019_044020_Oct0jezh_kait_B_c.fit
59141.195579	0.04167	16.23	16.207	16.253	18.17573	V	m15_data3/M15-3_20201019_044138_Oct0jezw_kait_V_c.fit
59141.20184	0.04167	16.539	16.503	16.575	18.44949	B	m15_data3/M15-3_20201019_045039_Oct0jfea_kait_B_c.fit
59141.202731	0.04167	16.22	16.198	16.242	18.39982	V	m15_data3/M15-3_20201019_045156_Oct0jfeq_kait_V_c.fit
59141.209051	0.04167	16.587	16.544	16.63	18.24568	B	m15_data3/M15-3_20201019_050102_Oct0jfiv_kait_B_c.fit
59141.209942	0.04167	16.23	16.203	16.257	18.3557	V	m15_data3/M15-3_20201019_050219_Oct0jfjk_kait_V_c.fit
59141.223218	0.04167	16.455	16.423	16.487	18.22447	B	m15_data3/M15-3_20201019_052126_Oct0jfsg_kait_B_c.fit
59141.224086	0.04167	16.2	16.178	16.222	18.03824	V	m15_data3/M15-3_20201019_052241_Oct0jfsv_kait_V_c.fit
59141.23037	0.04167	16.596	16.551	16.641	18.01798	B	m15_data3/M15-3_20201019_053144_Oct0jfwz_kait_B_c.fit
59141.231262	0.04167	16.194	16.167	16.221	17.86611	V	m15_data3/M15-3_20201019_053301_Oct0jfxo_kait_V_c.fit
59141.237581	0.04167	16.508	16.469	16.547	18.07011	B	m15_data3/M15-3_20201019_054207_Oct0jgbu_kait_B_c.fit
59141.238484	0.04167	16.181	16.159	16.203	17.94098	V	m15_data3/M15-3_20201019_054325_Oct0jgcj_kait_V_c.fit
59142.117465	0.04167	15.846	15.819	15.873	18.37007	B	m15_data3/M15-3_20201020_024909_Oct0kczy_kait_B_c.fit
59142.118368	0.04167	15.67	15.653	15.687	18.0875	V	m15_data3/M15-3_20201020_025027_Oct0kdao_kait_V_c.fit
59142.124676	0.04167	15.858	15.833	15.883	18.06971	B	m15_data3/M15-3_20201020_025932_Oct0kdet_kait_B_c.fit
59142.125544	0.04167	15.689	15.67	15.708	18.10975	V	m15_data3/M15-3_20201020_030047_Oct0kdfi_kait_V_c.fit
59142.131921	0.04167	15.895	15.872	15.918	18.44065	B	m15_data3/M15-3_20201020_030958_Oct0kdjn_kait_B_c.fit
59142.132812	0.04167	15.701	15.683	15.719	17.90386	V	m15_data3/M15-3_20201020_031115_Oct0kdkd_kait_V_c.fit
59142.156806	0.04167	15.988	15.961	16.015	18.53997	B	m15_data3/M15-3_20201020_034548_Oct0keac_kait_B_c.fit
59142.157697	0.04167	15.752	15.736	15.768	18.09993	V	m15_data3/M15-3_20201020_034705_Oct0kear_kait_V_c.fit
59142.164005	0.04167	15.981	15.955	16.007	18.24439	B	m15_data3/M15-3_20201020_035610_Oct0keew_kait_B_c.fit
59142.164896	0.04167	15.794	15.778	15.81	18.46425	V	m15_data3/M15-3_20201020_035727_Oct0kefm_kait_V_c.fit
59142.171227	0.04167	16.096	16.065	16.127	17.35421	B	m15_data3/M15-3_20201020_040634_Oct0kejr_kait_B_c.fit
59142.172118	0.04167	15.768	15.75	15.786	17.94446	V	m15_data3/M15-3_20201020_040751_Oct0kekh_kait_V_c.fit
59142.185405	0.04167	16.071	16.046	16.096	18.46737	B	m15_data3/M15-3_20201020_042659_Oct0ketc_kait_B_c.fit
59142.186308	0.04167	15.847	15.831	15.863	17.87971	V	m15_data3/M15-3_20201020_042817_Oct0kets_kait_V_c.fit
59142.192627	0.04167	16.061	16.035	16.087	18.122	B	m15_data3/M15-3_20201020_043723_Oct0kexx_kait_B_c.fit
59142.19353	0.04167	15.868	15.851	15.885	17.85231	V	m15_data3/M15-3_20201020_043841_Oct0keyn_kait_V_c.fit
59142.199861	0.04167	16.084	16.058	16.11	18.45928	B	m15_data3/M15-3_20201020_044748_Oct0kfcs_kait_B_c.fit
59142.200764	0.04167	15.878	15.859	15.897	18.23414	V	m15_data3/M15-3_20201020_044906_Oct0kfdh_kait_V_c.fit
59142.225405	0.04167	16.166	16.138	16.194	18.17822	B	m15_data3/M15-3_20201020_052435_Oct0kftr_kait_B_c.fit
59142.226296	0.04167	15.967	15.944	15.99	18.15664	V	m15_data3/M15-3_20201020_052552_Oct0kfuh_kait_V_c.fit
59142.232627	0.04167	16.25	16.222	16.278	18.30058	B	m15_data3/M15-3_20201020_053459_Oct0kfym_kait_B_c.fit
59142.233519	0.04167	15.975	15.956	15.994	18.05302	V	m15_data3/M15-3_20201020_053616_Oct0kfzc_kait_V_c.fit
59142.239838	0.04167	16.243	16.207	16.279	18.25473	B	m15_data3/M15-3_20201020_054522_Oct0kgdg_kait_B_c.fit
59142.240752	0.04167	16.015	15.99	16.04	17.92178	V	m15_data3/M15-3_20201020_054641_Oct0kgdx_kait_V_c.fit
59142.255428	0.04167	16.336	16.3	16.372	18.11897	B	m15_data3/M15-3_20201020_060749_Oct0kgnr_kait_B_c.fit
59142.256331	0.04167	16.056	16.036	16.076	18.19364	V	m15_data3/M15-3_20201020_060907_Oct0kgog_kait_V_c.fit
59142.262662	0.04167	16.365	16.326	16.404	18.19588	B	m15_data3/M15-3_20201020_061814_Oct0kgsl_kait_B_c.fit
59142.263565	0.04167	16.042	16.021	16.063	18.16363	V	m15_data3/M15-3_20201020_061932_Oct0kgtb_kait_V_c.fit
59142.269873	0.04167	16.501	16.459	16.543	17.91746	B	m15_data3/M15-3_20201020_062837_Oct0kgxg_kait_B_c.fit
59142.270752	0.04167	16.356	16.312	16.4	17.80286	V	m15_data3/M15-3_20201020_062953_Oct0kgxv_kait_V_c.fit
59143.1225	0.04167	16.496	16.463	16.529	18.44527	B	m15_data3/M15-3_20201021_025624_Oct0lddh_kait_B_c.fit
59143.123403	0.04167	16.214	16.189	16.239	18.43215	V	m15_data3/M15-3_20201021_025742_Oct0lddx_kait_V_c.fit
59143.129653	0.04167	16.478	16.446	16.51	18.36549	B	m15_data3/M15-3_20201021_030642_Oct0ldib_kait_B_c.fit
59143.130544	0.04167	16.201	16.175	16.227	18.48979	V	m15_data3/M15-3_20201021_030759_Oct0ldiq_kait_V_c.fit
59143.136887	0.04167	16.465	16.428	16.502	18.02658	B	m15_data3/M15-3_20201021_031707_Oct0ldmw_kait_B_c.fit
59143.137778	0.04167	16.171	16.151	16.191	18.49531	V	m15_data3/M15-3_20201021_031824_Oct0ldnl_kait_V_c.fit
59143.165648	0.04167	16.504	16.465	16.543	18.30104	B	m15_data3/M15-3_20201021_035832_Oct0lefz_kait_B_c.fit
59143.166551	0.04167	16.199	16.176	16.222	17.95822	V	m15_data3/M15-3_20201021_035950_Oct0lego_kait_V_c.fit
59143.172859	0.04167	16.465	16.423	16.507	18.13022	B	m15_data3/M15-3_20201021_040855_Oct0lekt_kait_B_c.fit
59143.17375	0.04167	16.178	16.155	16.201	17.8802	V	m15_data3/M15-3_20201021_041012_Oct0lelj_kait_V_c.fit
59143.180093	0.04167	16.418	16.38	16.456	18.17274	B	m15_data3/M15-3_20201021_041920_Oct0lepn_kait_B_c.fit
59143.180984	0.04167	16.1	16.077	16.123	18.13263	V	m15_data3/M15-3_20201021_042037_Oct0leqe_kait_V_c.fit
59143.207778	0.04167	16.104	16.074	16.134	18.41881	B	m15_data3/M15-3_20201021_045912_Oct0lfhz_kait_B_c.fit
59143.208681	0.04167	15.873	15.855	15.891	18.50002	V	m15_data3/M15-3_20201021_050030_Oct0lfio_kait_V_c.fit
59143.214907	0.04167	16.081	16.056	16.106	18.30612	B	m15_data3/M15-3_20201021_050928_Oct0lfms_kait_B_c.fit
59143.21581	0.04167	15.796	15.78	15.812	18.48825	V	m15_data3/M15-3_20201021_051046_Oct0lfnh_kait_V_c.fit
59143.222072	0.04167	16.081	16.05	16.112	18.08362	B	m15_data3/M15-3_20201021_051947_Oct0lfrm_kait_B_c.fit
59143.223021	0.04167	15.755	15.738	15.772	18.18246	V	m15_data3/M15-3_20201021_052109_Oct0lfsb_kait_V_c.fit
59143.241343	0.04167	15.936	15.909	15.963	17.90768	B	m15_data3/M15-3_20201021_054732_Oct0lgeh_kait_B_c.fit
59143.242234	0.04167	15.695	15.676	15.714	18.15296	V	m15_data3/M15-3_20201021_054849_Oct0lgew_kait_V_c.fit
59143.248553	0.04167	15.884	15.856	15.912	18.04537	B	m15_data3/M15-3_20201021_055755_Oct0lgjb_kait_B_c.fit
59143.249456	0.04167	15.817	15.79	15.844	17.88325	V	m15_data3/M15-3_20201021_055913_Oct0lgjr_kait_V_c.fit
59143.255752	0.04167	15.958	15.924	15.992	17.62127	B	m15_data3/M15-3_20201021_060817_Oct0lgnw_kait_B_c.fit
59143.256701	0.04167	15.734	15.718	15.75	17.91052	V	m15_data3/M15-3_20201021_060939_Oct0lgol_kait_V_c.fit
59144.106065	0.04167	16.011	15.979	16.043	17.59219	B	m15_data3/M15-3_20201022_023244_Oct0mcsj_kait_B_c.fit
59144.106956	0.04167	15.748	15.731	15.765	18.43669	V	m15_data3/M15-3_20201022_023401_Oct0mcsz_kait_V_c.fit
59144.113264	0.04167	16.042	16.014	16.07	18.07715	B	m15_data3/M15-3_20201022_024306_Oct0mcxe_kait_B_c.fit
59144.114167	0.04167	15.74	15.722	15.758	18.51274	V	m15_data3/M15-3_20201022_024424_Oct0mcxt_kait_V_c.fit
59144.120451	0.04167	16.05	16.021	16.079	18.23685	B	m15_data3/M15-3_20201022_025327_Oct0mdby_kait_B_c.fit
59144.1214	0.04167	15.791	15.771	15.811	18.29576	V	m15_data3/M15-3_20201022_025449_Oct0mdcn_kait_V_c.fit
59144.144155	0.04167	16.129	16.103	16.155	18.41317	B	m15_data3/M15-3_20201022_032735_Oct0mdrr_kait_B_c.fit
59144.145058	0.04167	15.881	15.862	15.9	18.46438	V	m15_data3/M15-3_20201022_032853_Oct0mdsh_kait_V_c.fit
59144.151377	0.04167	16.137	16.099	16.175	18.42368	B	m15_data3/M15-3_20201022_033759_Oct0mdwm_kait_B_c.fit
59144.15228	0.04167	15.89	15.869	15.911	18.44886	V	m15_data3/M15-3_20201022_033917_Oct0mdxc_kait_V_c.fit
59144.158681	0.04167	16.184	16.153	16.215	18.39862	B	m15_data3/M15-3_20201022_034830_Oct0mebi_kait_B_c.fit
59144.159583	0.04167	15.911	15.895	15.927	18.32315	V	m15_data3/M15-3_20201022_034948_Oct0meby_kait_V_c.fit
59144.173773	0.04167	16.204	16.172	16.236	18.17316	B	m15_data3/M15-3_20201022_041014_Oct0melj_kait_B_c.fit
59144.174664	0.04167	15.967	15.949	15.985	18.41659	V	m15_data3/M15-3_20201022_041131_Oct0melz_kait_V_c.fit
59144.18103	0.04167	16.227	16.202	16.252	18.31531	B	m15_data3/M15-3_20201022_042041_Oct0meqe_kait_B_c.fit
59144.181921	0.04167	16.014	15.994	16.034	18.11035	V	m15_data3/M15-3_20201022_042158_Oct0mequ_kait_V_c.fit
59144.188206	0.04167	16.307	16.278	16.336	18.31199	B	m15_data3/M15-3_20201022_043101_Oct0meuz_kait_B_c.fit
59144.189097	0.04167	16.023	15.998	16.048	18.02246	V	m15_data3/M15-3_20201022_043218_Oct0mevo_kait_V_c.fit
59144.202373	0.04167	16.351	16.318	16.384	18.31503	B	m15_data3/M15-3_20201022_045125_Oct0mfej_kait_B_c.fit
59144.203275	0.04167	16.092	16.07	16.114	18.37555	V	m15_data3/M15-3_20201022_045243_Oct0mfez_kait_V_c.fit
59144.209595	0.04167	16.348	16.318	16.378	18.4069	B	m15_data3/M15-3_20201022_050149_Oct0mfje_kait_B_c.fit
59144.210463	0.04167	16.1	16.074	16.126	18.40614	V	m15_data3/M15-3_20201022_050304_Oct0mfju_kait_V_c.fit
59144.216782	0.04167	16.432	16.395	16.469	18.24508	B	m15_data3/M15-3_20201022_051210_Oct0mfny_kait_B_c.fit
59144.217685	0.04167	16.118	16.097	16.139	18.16113	V	m15_data3/M15-3_20201022_051328_Oct0mfoo_kait_V_c.fit
59144.230856	0.04167	16.442	16.402	16.482	18.08108	B	m15_data3/M15-3_20201022_053226_Oct0mfxh_kait_B_c.fit
59144.231748	0.04167	16.138	16.118	16.158	18.23187	V	m15_data3/M15-3_20201022_053343_Oct0mfxx_kait_V_c.fit
59144.238044	0.04167	16.469	16.43	16.508	17.98862	B	m15_data3/M15-3_20201022_054247_Oct0mgcc_kait_B_c.fit
59144.23897	0.04167	16.167	16.14	16.194	18.07744	V	m15_data3/M15-3_20201022_054407_Oct0mgcs_kait_V_c.fit
59144.245289	0.04167	16.478	16.442	16.514	18.21175	B	m15_data3/M15-3_20201022_055313_Oct0mggx_kait_B_c.fit
59144.246227	0.04167	16.184	16.16	16.208	18.32322	V	m15_data3/M15-3_20201022_055434_Oct0mghm_kait_V_c.fit
59145.102083	0.04167	16.449	16.409	16.489	18.04325	B	m15_data3/M15-3_20201023_022700_Oct0ncps_kait_B_c.fit
59145.102986	0.04167	16.28	16.235	16.325	17.82679	V	m15_data3/M15-3_20201023_022818_Oct0ncqi_kait_V_c.fit
59145.109306	0.04167	16.525	16.475	16.575	17.79316	B	m15_data3/M15-3_20201023_023724_Oct0ncun_kait_B_c.fit
59145.110208	0.04167	16.129	16.104	16.154	17.99807	V	m15_data3/M15-3_20201023_023842_Oct0ncvd_kait_V_c.fit
59145.116562	0.04167	16.388	16.352	16.424	17.79027	B	m15_data3/M15-3_20201023_024751_Oct0nczi_kait_B_c.fit
59145.117465	0.04167	16.029	16.008	16.05	18.08	V	m15_data3/M15-3_20201023_024909_Oct0nczy_kait_V_c.fit
59145.174769	0.04167	15.993	15.968	16.018	17.73974	B	m15_data3/M15-3_20201023_041140_Oct0nema_kait_B_c.fit
59145.17566	0.04167	15.703	15.684	15.722	17.83613	V	m15_data3/M15-3_20201023_041257_Oct0nemq_kait_V_c.fit
59145.181933	0.04167	16.084	16.049	16.119	17.63117	B	m15_data3/M15-3_20201023_042159_Oct0nequ_kait_B_c.fit
59145.182824	0.04167	15.831	15.806	15.856	17.52695	V	m15_data3/M15-3_20201023_042316_Oct0nerk_kait_V_c.fit
59145.189144	0.04167	15.995	15.964	16.026	17.74883	B	m15_data3/M15-3_20201023_043222_Oct0nevp_kait_B_c.fit
59145.190035	0.04167	15.784	15.756	15.812	17.78612	V	m15_data3/M15-3_20201023_043339_Oct0newe_kait_V_c.fit
59145.203206	0.04167	16.023	15.99	16.056	17.67088	B	m15_data3/M15-3_20201023_045237_Oct0nfex_kait_B_c.fit
59145.204109	0.04167	15.866	15.837	15.895	17.5195	V	m15_data3/M15-3_20201023_045355_Oct0nffn_kait_V_c.fit
59145.210359	0.04167	15.943	15.91	15.976	17.70964	B	m15_data3/M15-3_20201023_050255_Oct0nfjs_kait_B_c.fit
59145.21125	0.04167	15.707	15.686	15.728	17.76029	V	m15_data3/M15-3_20201023_050412_Oct0nfkh_kait_V_c.fit
59145.217581	0.04167	16.061	16.021	16.101	17.37325	B	m15_data3/M15-3_20201023_051319_Oct0nfom_kait_B_c.fit
59145.21853	0.04167	15.779	15.753	15.805	17.61348	V	m15_data3/M15-3_20201023_051441_Oct0nfpc_kait_V_c.fit
59145.242488	0.04167	16.233	16.174	16.292	15.87482	B	m15_data3/M15-3_20201023_054911_Oct0ngfb_kait_B_c.fit
59145.243391	0.04167	16.263	16.214	16.312	16.29965	V	m15_data3/M15-3_20201023_055029_Oct0ngfq_kait_V_c.fit
59145.249664	0.04167	16.23	16.175	16.285	16.8259	B	m15_data3/M15-3_20201023_055931_Oct0ngjv_kait_B_c.fit
59145.250567	0.04167	16.051	16.014	16.088	16.94596	V	m15_data3/M15-3_20201023_060049_Oct0ngkk_kait_V_c.fit
59145.256898	0.04167	16.183	16.135	16.231	17.06301	B	m15_data3/M15-3_20201023_060956_Oct0ngop_kait_B_c.fit
59145.257789	0.04167	15.98	15.947	16.013	17.02503	V	m15_data3/M15-3_20201023_061113_Oct0ngpf_kait_V_c.fit
59146.154387	0.04167	16.563	16.501	16.625	17.50983	B	m15_data3/M15-3_20201024_034219_Oct0odym_kait_B_c.fit
59146.155278	0.04167	16.212	16.178	16.246	17.48742	V	m15_data3/M15-3_20201024_034336_Oct0odzc_kait_V_c.fit
59146.161609	0.04167	16.807	16.73	16.884	17.40945	B	m15_data3/M15-3_20201024_035243_Oct0oedh_kait_B_c.fit
59146.162512	0.04167	16.312	16.263	16.361	17.54299	V	m15_data3/M15-3_20201024_035401_Oct0oedw_kait_V_c.fit
59146.191204	0.04167	16.543	16.496	16.59	17.99112	B	m15_data3/M15-3_20201024_043520_Oct0oewz_kait_B_c.fit
59146.192106	0.04167	16.147	16.121	16.173	18.3324	V	m15_data3/M15-3_20201024_043638_Oct0oexo_kait_V_c.fit
59146.198426	0.04167	16.482	16.441	16.523	18.18042	B	m15_data3/M15-3_20201024_044544_Oct0ofbt_kait_B_c.fit
59146.199329	0.04167	16.128	16.095	16.161	18.26715	V	m15_data3/M15-3_20201024_044702_Oct0ofcj_kait_V_c.fit
59146.205625	0.04167	16.502	16.461	16.543	17.78679	B	m15_data3/M15-3_20201024_045606_Oct0ofgn_kait_B_c.fit
59146.206528	0.04167	16.179	16.147	16.211	18.24289	V	m15_data3/M15-3_20201024_045724_Oct0ofhd_kait_V_c.fit
59146.221169	0.04167	16.54	16.487	16.593	17.70814	B	m15_data3/M15-3_20201024_051829_Oct0ofqw_kait_B_c.fit
59146.222072	0.04167	16.227	16.194	16.26	17.80623	V	m15_data3/M15-3_20201024_051947_Oct0ofrm_kait_V_c.fit
59146.22838	0.04167	16.481	16.436	16.526	17.9396	B	m15_data3/M15-3_20201024_052852_Oct0ofvr_kait_B_c.fit
59146.229271	0.04167	16.187	16.149	16.225	18.05556	V	m15_data3/M15-3_20201024_053009_Oct0ofwg_kait_V_c.fit
59146.235579	0.04167	16.568	16.506	16.63	17.65209	B	m15_data3/M15-3_20201024_053914_Oct0ogal_kait_B_c.fit
59146.236528	0.04167	16.165	16.13	16.2	17.9064	V	m15_data3/M15-3_20201024_054036_Oct0ogbb_kait_V_c.fit
59146.249815	0.04167	16.479	16.426	16.532	17.8282	B	m15_data3/M15-3_20201024_055944_Oct0ogjx_kait_B_c.fit
59146.250718	0.04167	16.19	16.16	16.22	17.80528	V	m15_data3/M15-3_20201024_060102_Oct0ogkn_kait_V_c.fit
59146.257025	0.04167	16.49	16.433	16.547	17.83441	B	m15_data3/M15-3_20201024_061007_Oct0ogos_kait_B_c.fit
59146.257928	0.04167	16.177	16.145	16.209	17.92065	V	m15_data3/M15-3_20201024_061125_Oct0ogph_kait_V_c.fit
59146.264225	0.04167	16.507	16.458	16.556	17.76872	B	m15_data3/M15-3_20201024_062029_Oct0ogtm_kait_B_c.fit
59146.265116	0.04167	16.156	16.126	16.186	17.79534	V	m15_data3/M15-3_20201024_062146_Oct0oguc_kait_V_c.fit
59152.168032	0.04167	15.889	15.85	15.928	17.63101	B	m15_data3/M15-3_20201030_040158_Oct0ueho_kait_B_c.fit
59152.168935	0.04167	15.654	15.634	15.674	17.77287	V	m15_data3/M15-3_20201030_040316_Oct0ueid_kait_V_c.fit
59152.17515	0.04167	15.843	15.808	15.878	17.68049	B	m15_data3/M15-3_20201030_041213_Oct0uemh_kait_B_c.fit
59152.176053	0.04167	15.674	15.649	15.699	18.13205	V	m15_data3/M15-3_20201030_041331_Oct0uemw_kait_V_c.fit
59152.182431	0.04167	15.946	15.901	15.991	17.69269	B	m15_data3/M15-3_20201030_042242_Oct0uerd_kait_B_c.fit
59152.183322	0.04167	15.694	15.673	15.715	17.81925	V	m15_data3/M15-3_20201030_042359_Oct0uers_kait_V_c.fit
59153.109942	0.04167	16.624	16.549	16.699	17.71859	B	m15_data3/M15-3_20201031_023819_Oct0vcuy_kait_B_c.fit
59153.110845	0.04167	16.211	16.179	16.243	17.69895	V	m15_data3/M15-3_20201031_023937_Oct0vcvo_kait_V_c.fit
59153.117153	0.04167	16.558	16.503	16.613	17.8205	B	m15_data3/M15-3_20201031_024842_Oct0vczt_kait_B_c.fit
59153.118056	0.04167	16.194	16.158	16.23	17.61722	V	m15_data3/M15-3_20201031_025000_Oct0vdai_kait_V_c.fit
59153.124352	0.04167	16.504	16.44	16.568	17.61725	B	m15_data3/M15-3_20201031_025904_Oct0vden_kait_B_c.fit
59153.125312	0.04167	16.223	16.188	16.258	17.68498	V	m15_data3/M15-3_20201031_030027_Oct0vdfd_kait_V_c.fit
59153.137292	0.04167	16.532	16.475	16.589	17.73245	B	m15_data3/M15-3_20201031_031742_Oct0vdnd_kait_B_c.fit
59153.138194	0.04167	16.168	16.136	16.2	18.02433	V	m15_data3/M15-3_20201031_031900_Oct0vdns_kait_V_c.fit
59153.144468	0.04167	16.773	16.693	16.853	17.08395	B	m15_data3/M15-3_20201031_032802_Oct0vdrx_kait_B_c.fit
59153.145359	0.04167	16.22	16.192	16.248	17.99359	V	m15_data3/M15-3_20201031_032919_Oct0vdsm_kait_V_c.fit
59153.151725	0.04167	16.536	16.484	16.588	17.9331	B	m15_data3/M15-3_20201031_033829_Oct0vdws_kait_B_c.fit
59153.152627	0.04167	16.154	16.127	16.181	18.20607	V	m15_data3/M15-3_20201031_033947_Oct0vdxi_kait_V_c.fit
