;; MJD	etburst	mag	-emag	+emag	limmag	filter	imagename
59140.128495	0.04167	15.919	15.881	15.957	18.17677	B	m15_data1/M15-1_20201018_030502_Oct0idgv_kait_B_c.fit
59140.129387	0.04167	15.733	15.694	15.772	18.24793	V	m15_data1/M15-1_20201018_030619_Oct0idhw_kait_V_c.fit
59140.135718	0.04167	15.942	15.9	15.984	18.12102	B	m15_data1/M15-1_20201018_031526_Oct0idmb_kait_B_c.fit
59140.13662	0.04167	15.736	15.709	15.763	18.20794	V	m15_data1/M15-1_20201018_031644_Oct0idmr_kait_V_c.fit
59140.142905	0.04167	15.874	15.82	15.928	17.73776	B	m15_data1/M15-1_20201018_032547_Oct0idqw_kait_B_c.fit
59140.143773	0.04167	15.552	15.484	15.62	17.56914	V	m15_data1/M15-1_20201018_032702_Oct0idrl_kait_V_c.fit
59140.177986	0.04167	16.119	16.081	16.157	18.22138	B	m15_data1/M15-1_20201018_041618_Oct0ient_kait_B_c.fit
59140.178877	0.04167	15.649	15.597	15.701	17.46687	V	m15_data1/M15-1_20201018_041735_Oct0ieot_kait_V_c.fit
59140.185174	0.04167	16.172	16.117	16.227	18.13091	B	m15_data1/M15-1_20201018_042639_Oct0iesy_kait_B_c.fit
59140.186076	0.04167	15.781	15.738	15.824	18.04449	V	m15_data1/M15-1_20201018_042757_Oct0ieto_kait_V_c.fit
59140.192384	0.04167	16.138	16.081	16.195	18.03488	B	m15_data1/M15-1_20201018_043702_Oct0iext_kait_B_c.fit
59140.193275	0.04167	15.772	15.731	15.813	18.11576	V	m15_data1/M15-1_20201018_043819_Oct0ieyi_kait_V_c.fit
59140.207627	0.04167	16.139	16.097	16.181	18.17721	B	m15_data1/M15-1_20201018_045859_Oct0ifhs_kait_B_c.fit
59140.20853	0.04167	15.899	15.859	15.939	18.09775	V	m15_data1/M15-1_20201018_050017_Oct0ifim_kait_V_c.fit
59140.21485	0.04167	16.139	16.091	16.187	17.99161	B	m15_data1/M15-1_20201018_050923_Oct0ifmr_kait_B_c.fit
59140.215764	0.04167	15.725	15.676	15.774	17.71377	V	m15_data1/M15-1_20201018_051042_Oct0ifnh_kait_V_c.fit
59140.222037	0.04167	16.156	16.102	16.21	17.89862	B	m15_data1/M15-1_20201018_051944_Oct0ifrl_kait_B_c.fit
59140.222905	0.04167	15.802	15.75	15.854	17.90995	V	m15_data1/M15-1_20201018_052059_Oct0ifsb_kait_V_c.fit
59140.2361	0.04167	16.167	16.112	16.222	17.81433	B	m15_data1/M15-1_20201018_053959_Oct0igao_kait_B_c.fit
59140.236991	0.04167	15.859	15.815	15.903	18.10207	V	m15_data1/M15-1_20201018_054116_Oct0igbk_kait_V_c.fit
59140.243368	0.04167	16.163	16.122	16.204	18.05263	B	m15_data1/M15-1_20201018_055027_Oct0igfq_kait_B_c.fit
59140.244259	0.04167	15.85	15.807	15.893	17.97809	V	m15_data1/M15-1_20201018_055144_Oct0iggf_kait_V_c.fit
59140.250544	0.04167	16.336	16.28	16.392	18.04626	B	m15_data1/M15-1_20201018_060047_Oct0igkk_kait_B_c.fit
59140.251435	0.04167	15.832	15.778	15.886	17.99332	V	m15_data1/M15-1_20201018_060204_Oct0igkz_kait_V_c.fit
59140.264711	0.04167	16.234	16.169	16.299	17.72961	B	m15_data1/M15-1_20201018_062111_Oct0igtn_kait_B_c.fit
59140.265602	0.04167	15.826	15.777	15.875	17.64873	V	m15_data1/M15-1_20201018_062228_Oct0iguk_kait_V_c.fit
59140.271875	0.04167	16.153	16.096	16.21	17.81546	B	m15_data1/M15-1_20201018_063130_Oct0igyo_kait_B_c.fit
59140.272766	0.04167	15.755	15.694	15.816	17.43094	V	m15_data1/M15-1_20201018_063247_Oct0igze_kait_V_c.fit
59140.279062	0.04167	16.583	16.477	16.689	17.24295	B	m15_data1/M15-1_20201018_064151_Oct0ihdi_kait_B_c.fit
59140.279988	0.04167	15.756	15.698	15.814	17.44751	V	m15_data1/M15-1_20201018_064311_Oct0ihdz_kait_V_c.fit
59141.104618	0.04167	16.121	16.072	16.17	18.05749	B	m15_data1/M15-1_20201019_023039_Oct0jcrb_kait_B_c.fit
59141.105509	0.04167	15.896	15.863	15.929	18.18317	V	m15_data1/M15-1_20201019_023156_Oct0jcrz_kait_V_c.fit
59141.111829	0.04167	16.169	16.128	16.21	18.15265	B	m15_data1/M15-1_20201019_024102_Oct0jcwf_kait_B_c.fit
59141.11272	0.04167	15.887	15.851	15.923	18.18649	V	m15_data1/M15-1_20201019_024219_Oct0jcwu_kait_V_c.fit
59141.119016	0.04167	16.131	16.084	16.178	18.17929	B	m15_data1/M15-1_20201019_025123_Oct0jdaz_kait_B_c.fit
59141.119919	0.04167	15.834	15.802	15.866	18.22601	V	m15_data1/M15-1_20201019_025241_Oct0jdbo_kait_V_c.fit
59141.133102	0.04167	16.002	15.965	16.039	18.21371	B	m15_data1/M15-1_20201019_031140_Oct0jdkd_kait_B_c.fit
59141.13397	0.04167	15.664	15.625	15.703	17.88419	V	m15_data1/M15-1_20201019_031255_Oct0jdky_kait_V_c.fit
59141.140301	0.04167	15.922	15.887	15.957	18.23259	B	m15_data1/M15-1_20201019_032202_Oct0jdpd_kait_B_c.fit
59141.141204	0.04167	15.622	15.583	15.661	17.83054	V	m15_data1/M15-1_20201019_032320_Oct0jdps_kait_V_c.fit
59141.147477	0.04167	15.911	15.877	15.945	18.16001	B	m15_data1/M15-1_20201019_033222_Oct0jdtx_kait_B_c.fit
59141.148345	0.04167	15.463	15.411	15.515	17.6227	V	m15_data1/M15-1_20201019_033337_Oct0jdum_kait_V_c.fit
59141.162558	0.04167	15.875	15.836	15.914	18.14166	B	m15_data1/M15-1_20201019_035405_Oct0jedu_kait_B_c.fit
59141.163461	0.04167	15.56	15.527	15.593	17.92344	V	m15_data1/M15-1_20201019_035523_Oct0jeen_kait_V_c.fit
59141.169745	0.04167	15.708	15.669	15.747	17.8634	B	m15_data1/M15-1_20201019_040426_Oct0jeis_kait_B_c.fit
59141.170613	0.04167	15.544	15.517	15.571	18.18523	V	m15_data1/M15-1_20201019_040541_Oct0jejh_kait_V_c.fit
59141.176956	0.04167	16.678	16.541	16.815	17.50373	B	m15_data1/M15-1_20201019_041449_Oct0jenm_kait_B_c.fit
59141.177847	0.04167	15.522	15.487	15.557	17.92414	V	m15_data1/M15-1_20201019_041606_Oct0jeob_kait_V_c.fit
59141.191042	0.04167	15.607	15.558	15.656	17.33806	B	m15_data1/M15-1_20201019_043506_Oct0jewp_kait_B_c.fit
59141.192014	0.04167	15.433	15.404	15.462	17.87583	V	m15_data1/M15-1_20201019_043630_Oct0jexl_kait_V_c.fit
59141.198241	0.04167	15.682	15.644	15.72	17.8872	B	m15_data1/M15-1_20201019_044528_Oct0jfbq_kait_B_c.fit
59141.199144	0.04167	15.472	15.442	15.502	18.02116	V	m15_data1/M15-1_20201019_044646_Oct0jfcf_kait_V_c.fit
59141.20544	0.04167	15.633	15.587	15.679	17.91455	B	m15_data1/M15-1_20201019_045550_Oct0jfgk_kait_B_c.fit
59141.206331	0.04167	15.41	15.372	15.448	17.9011	V	m15_data1/M15-1_20201019_045707_Oct0jfha_kait_V_c.fit
59141.21963	0.04167	15.933	15.857	16.009	17.26447	B	m15_data1/M15-1_20201019_051616_Oct0jfpo_kait_B_c.fit
59141.220532	0.04167	15.705	15.649	15.761	17.33859	V	m15_data1/M15-1_20201019_051734_Oct0jfql_kait_V_c.fit
59141.226782	0.04167	15.719	15.681	15.757	17.68645	B	m15_data1/M15-1_20201019_052634_Oct0jfup_kait_B_c.fit
59141.227674	0.04167	15.529	15.497	15.561	17.75519	V	m15_data1/M15-1_20201019_052751_Oct0jfve_kait_V_c.fit
59141.234005	0.04167	15.693	15.655	15.731	17.65332	B	m15_data1/M15-1_20201019_053658_Oct0jfzj_kait_B_c.fit
59141.234896	0.04167	15.406	15.361	15.451	17.35699	V	m15_data1/M15-1_20201019_053815_Oct0jfzz_kait_V_c.fit
59142.113877	0.04167	16.016	15.978	16.054	18.07246	B	m15_data1/M15-1_20201020_024359_Oct0kcxe_kait_B_c.fit
59142.114769	0.04167	15.635	15.595	15.675	17.76618	V	m15_data1/M15-1_20201020_024516_Oct0kcye_kait_V_c.fit
59142.121076	0.04167	15.976	15.935	16.017	18.1161	B	m15_data1/M15-1_20201020_025421_Oct0kdcj_kait_B_c.fit
59142.121979	0.04167	15.57	15.514	15.626	17.62629	V	m15_data1/M15-1_20201020_025539_Oct0kdcy_kait_V_c.fit
59142.128241	0.04167	16.066	16.027	16.105	18.30048	B	m15_data1/M15-1_20201020_030440_Oct0kdhc_kait_B_c.fit
59142.129144	0.04167	15.686	15.643	15.729	18.03437	V	m15_data1/M15-1_20201020_030558_Oct0kdhs_kait_V_c.fit
59142.153241	0.04167	16.078	16.032	16.124	17.98069	B	m15_data1/M15-1_20201020_034040_Oct0kdxo_kait_B_c.fit
59142.154132	0.04167	15.764	15.71	15.818	17.87053	V	m15_data1/M15-1_20201020_034157_Oct0kdyi_kait_V_c.fit
59142.160382	0.04167	16.169	16.117	16.221	18.12526	B	m15_data1/M15-1_20201020_035057_Oct0kecm_kait_B_c.fit
59142.161285	0.04167	15.799	15.748	15.85	18.00148	V	m15_data1/M15-1_20201020_035215_Oct0kedb_kait_V_c.fit
59142.167581	0.04167	16.208	16.167	16.249	18.20216	B	m15_data1/M15-1_20201020_040119_Oct0kehg_kait_B_c.fit
59142.168484	0.04167	15.731	15.671	15.791	17.93477	V	m15_data1/M15-1_20201020_040237_Oct0kehw_kait_V_c.fit
59142.181782	0.04167	16.277	16.23	16.324	18.25022	B	m15_data1/M15-1_20201020_042146_Oct0keql_kait_B_c.fit
59142.182731	0.04167	15.763	15.701	15.825	17.65594	V	m15_data1/M15-1_20201020_042308_Oct0kerh_kait_V_c.fit
59142.189028	0.04167	16.148	16.109	16.187	18.23327	B	m15_data1/M15-1_20201020_043212_Oct0kevn_kait_B_c.fit
59142.189931	0.04167	15.671	15.605	15.737	17.54755	V	m15_data1/M15-1_20201020_043330_Oct0kewc_kait_V_c.fit
59142.196227	0.04167	16.258	16.214	16.302	18.19332	B	m15_data1/M15-1_20201020_044234_Oct0kfah_kait_B_c.fit
59142.197118	0.04167	15.746	15.694	15.798	17.89257	V	m15_data1/M15-1_20201020_044351_Oct0kfax_kait_V_c.fit
59142.221806	0.04167	16.137	16.086	16.188	17.96353	B	m15_data1/M15-1_20201020_051924_Oct0kfqy_kait_B_c.fit
59142.222708	0.04167	15.725	15.686	15.764	17.71547	V	m15_data1/M15-1_20201020_052042_Oct0kfrx_kait_V_c.fit
59142.229039	0.04167	16.105	16.046	16.164	17.80543	B	m15_data1/M15-1_20201020_052949_Oct0kfwc_kait_B_c.fit
59142.229942	0.04167	15.727	15.675	15.779	17.78311	V	m15_data1/M15-1_20201020_053107_Oct0kfws_kait_V_c.fit
59142.236215	0.04167	16.146	16.099	16.193	17.97517	B	m15_data1/M15-1_20201020_054009_Oct0kgax_kait_B_c.fit
59142.237118	0.04167	15.891	15.823	15.959	17.28629	V	m15_data1/M15-1_20201020_054127_Oct0kgbm_kait_V_c.fit
59142.25184	0.04167	16.198	16.145	16.251	17.95882	B	m15_data1/M15-1_20201020_060239_Oct0kgky_kait_B_c.fit
59142.252743	0.04167	15.866	15.823	15.909	17.92621	V	m15_data1/M15-1_20201020_060357_Oct0kglw_kait_V_c.fit
59142.259028	0.04167	16.158	16.11	16.206	17.98068	B	m15_data1/M15-1_20201020_061300_Oct0kgqa_kait_B_c.fit
59142.259931	0.04167	15.847	15.785	15.909	17.96297	V	m15_data1/M15-1_20201020_061418_Oct0kgqq_kait_V_c.fit
59142.26625	0.04167	16.17	16.113	16.227	17.91329	B	m15_data1/M15-1_20201020_062324_Oct0kguv_kait_B_c.fit
59142.267118	0.04167	15.969	15.924	16.014	17.76038	V	m15_data1/M15-1_20201020_062439_Oct0kgvl_kait_V_c.fit
59143.118947	0.04167	15.95	15.913	15.987	18.2398	B	m15_data1/M15-1_20201021_025117_Oct0ldam_kait_B_c.fit
59143.119838	0.04167	15.549	15.507	15.591	17.84342	V	m15_data1/M15-1_20201021_025234_Oct0ldbn_kait_V_c.fit
59143.126088	0.04167	15.894	15.856	15.932	18.21644	B	m15_data1/M15-1_20201021_030134_Oct0ldfr_kait_B_c.fit
59143.126956	0.04167	15.599	15.564	15.634	18.09785	V	m15_data1/M15-1_20201021_030249_Oct0ldgh_kait_V_c.fit
59143.133241	0.04167	15.837	15.797	15.877	18.11544	B	m15_data1/M15-1_20201021_031152_Oct0ldkl_kait_B_c.fit
59143.134132	0.04167	15.558	15.529	15.587	18.02941	V	m15_data1/M15-1_20201021_031309_Oct0ldla_kait_V_c.fit
59143.162072	0.04167	15.596	15.553	15.639	17.37835	B	m15_data1/M15-1_20201021_035323_Oct0ledk_kait_B_c.fit
59143.16294	0.04167	15.395	15.362	15.428	17.53848	V	m15_data1/M15-1_20201021_035438_Oct0leee_kait_V_c.fit
59143.169271	0.04167	15.725	15.689	15.761	17.97068	B	m15_data1/M15-1_20201021_040345_Oct0leij_kait_B_c.fit
59143.170162	0.04167	15.357	15.325	15.389	17.70846	V	m15_data1/M15-1_20201021_040502_Oct0leiz_kait_V_c.fit
59143.176447	0.04167	15.739	15.705	15.773	18.03978	B	m15_data1/M15-1_20201021_041405_Oct0lend_kait_B_c.fit
59143.177338	0.04167	15.331	15.289	15.373	17.36123	V	m15_data1/M15-1_20201021_041522_Oct0lent_kait_V_c.fit
59143.20419	0.04167	15.737	15.695	15.779	17.81561	B	m15_data1/M15-1_20201021_045402_Oct0lffi_kait_B_c.fit
59143.205081	0.04167	15.468	15.431	15.505	17.86611	V	m15_data1/M15-1_20201021_045519_Oct0lfgf_kait_V_c.fit
59143.211343	0.04167	15.776	15.733	15.819	18.11998	B	m15_data1/M15-1_20201021_050420_Oct0lfki_kait_B_c.fit
59143.212211	0.04167	15.509	15.481	15.537	18.01662	V	m15_data1/M15-1_20201021_050535_Oct0lfky_kait_V_c.fit
59143.218507	0.04167	15.78	15.738	15.822	17.91101	B	m15_data1/M15-1_20201021_051439_Oct0lfpc_kait_B_c.fit
59143.21941	0.04167	15.617	15.589	15.645	18.09451	V	m15_data1/M15-1_20201021_051557_Oct0lfps_kait_V_c.fit
59143.237708	0.04167	15.86	15.819	15.901	17.97849	B	m15_data1/M15-1_20201021_054218_Oct0lgbq_kait_B_c.fit
59143.2386	0.04167	15.566	15.531	15.601	17.84842	V	m15_data1/M15-1_20201021_054335_Oct0lgcl_kait_V_c.fit
59143.244907	0.04167	15.836	15.792	15.88	17.7684	B	m15_data1/M15-1_20201021_055240_Oct0lggq_kait_B_c.fit
59143.24581	0.04167	15.551	15.513	15.589	17.62033	V	m15_data1/M15-1_20201021_055358_Oct0lghg_kait_V_c.fit
59143.252118	0.04167	15.862	15.819	15.905	17.89671	B	m15_data1/M15-1_20201021_060303_Oct0lgll_kait_B_c.fit
59143.253021	0.04167	15.643	15.612	15.674	17.8615	V	m15_data1/M15-1_20201021_060421_Oct0lgma_kait_V_c.fit
59144.102407	0.04167	16.1	16.054	16.146	18.0447	B	m15_data1/M15-1_20201022_022728_Oct0mcpm_kait_B_c.fit
59144.103299	0.04167	15.822	15.794	15.85	18.18416	V	m15_data1/M15-1_20201022_022845_Oct0mcqn_kait_V_c.fit
59144.109653	0.04167	16.113	16.069	16.157	18.16123	B	m15_data1/M15-1_20201022_023754_Oct0mcut_kait_B_c.fit
59144.110544	0.04167	15.851	15.813	15.889	18.14682	V	m15_data1/M15-1_20201022_023911_Oct0mcvi_kait_V_c.fit
59144.116852	0.04167	16.205	16.167	16.243	18.0371	B	m15_data1/M15-1_20201022_024816_Oct0mczo_kait_B_c.fit
59144.117755	0.04167	15.829	15.789	15.869	18.16141	V	m15_data1/M15-1_20201022_024934_Oct0mdae_kait_V_c.fit
59144.140579	0.04167	16.251	16.212	16.29	18.14877	B	m15_data1/M15-1_20201022_032226_Oct0mdou_kait_B_c.fit
59144.14147	0.04167	15.931	15.906	15.956	18.18622	V	m15_data1/M15-1_20201022_032343_Oct0mdpx_kait_V_c.fit
59144.147789	0.04167	16.254	16.207	16.301	18.10468	B	m15_data1/M15-1_20201022_033249_Oct0mduc_kait_B_c.fit
59144.148692	0.04167	15.949	15.921	15.977	18.1358	V	m15_data1/M15-1_20201022_033407_Oct0mdus_kait_V_c.fit
59144.155081	0.04167	16.193	16.14	16.246	17.93307	B	m15_data1/M15-1_20201022_034319_Oct0mdyx_kait_B_c.fit
59144.155995	0.04167	15.936	15.906	15.966	18.148	V	m15_data1/M15-1_20201022_034438_Oct0mdzo_kait_V_c.fit
59144.170185	0.04167	16.083	16.021	16.145	17.70724	B	m15_data1/M15-1_20201022_040504_Oct0meiv_kait_B_c.fit
59144.171076	0.04167	15.786	15.723	15.849	17.82775	V	m15_data1/M15-1_20201022_040621_Oct0mejp_kait_V_c.fit
59144.177384	0.04167	16.224	16.172	16.276	18.0379	B	m15_data1/M15-1_20201022_041526_Oct0menu_kait_B_c.fit
59144.178287	0.04167	16.004	15.972	16.036	18.07884	V	m15_data1/M15-1_20201022_041644_Oct0meoj_kait_V_c.fit
59144.184606	0.04167	16.143	16.088	16.198	17.93353	B	m15_data1/M15-1_20201022_042550_Oct0meso_kait_B_c.fit
59144.185509	0.04167	15.869	15.83	15.908	18.06308	V	m15_data1/M15-1_20201022_042708_Oct0mete_kait_V_c.fit
59144.198785	0.04167	16.22	16.178	16.262	18.09355	B	m15_data1/M15-1_20201022_044615_Oct0mfbs_kait_B_c.fit
59144.199688	0.04167	15.938	15.902	15.974	18.15125	V	m15_data1/M15-1_20201022_044733_Oct0mfcp_kait_V_c.fit
59144.205961	0.04167	16.216	16.173	16.259	18.0983	B	m15_data1/M15-1_20201022_045635_Oct0mfgt_kait_B_c.fit
59144.206852	0.04167	15.723	15.653	15.793	17.68005	V	m15_data1/M15-1_20201022_045752_Oct0mfhj_kait_V_c.fit
59144.213137	0.04167	16.271	16.226	16.316	17.9324	B	m15_data1/M15-1_20201022_050655_Oct0mfln_kait_B_c.fit
59144.214039	0.04167	15.977	15.949	16.005	18.11736	V	m15_data1/M15-1_20201022_050813_Oct0mfmd_kait_V_c.fit
59144.22728	0.04167	16.129	16.086	16.172	18.01524	B	m15_data1/M15-1_20201022_052717_Oct0mfuq_kait_B_c.fit
59144.228183	0.04167	15.772	15.727	15.817	17.8373	V	m15_data1/M15-1_20201022_052835_Oct0mfvn_kait_V_c.fit
59144.234468	0.04167	16.071	16.022	16.12	17.92652	B	m15_data1/M15-1_20201022_053738_Oct0mfzs_kait_B_c.fit
59144.235336	0.04167	15.782	15.747	15.817	18.05485	V	m15_data1/M15-1_20201022_053853_Oct0mgah_kait_V_c.fit
59144.241655	0.04167	16.02	15.972	16.068	17.77232	B	m15_data1/M15-1_20201022_054759_Oct0mgem_kait_B_c.fit
59144.242558	0.04167	15.665	15.61	15.72	17.64572	V	m15_data1/M15-1_20201022_054917_Oct0mgfc_kait_V_c.fit
59145.098495	0.04167	15.78	15.744	15.816	18.13317	B	m15_data1/M15-1_20201023_022150_Oct0ncmo_kait_B_c.fit
59145.099398	0.04167	15.552	15.518	15.586	18.18119	V	m15_data1/M15-1_20201023_022308_Oct0ncny_kait_V_c.fit
59145.105718	0.04167	15.767	15.732	15.802	17.69842	B	m15_data1/M15-1_20201023_023214_Oct0ncsd_kait_B_c.fit
59145.10662	0.04167	15.527	15.484	15.57	17.64172	V	m15_data1/M15-1_20201023_023332_Oct0ncst_kait_V_c.fit
59145.112928	0.04167	16.178	16.094	16.262	17.20449	B	m15_data1/M15-1_20201023_024237_Oct0ncwy_kait_B_c.fit
59145.113819	0.04167	15.537	15.501	15.573	17.63976	V	m15_data1/M15-1_20201023_024354_Oct0ncxn_kait_V_c.fit
59145.200498	0.04167	19.532	19.271	19.793	16.91146	V	m15_data1/M15-1_20201023_044843_Oct0nfdd_kait_V_c.fit
59145.206782	0.04167	19.103	18.667	19.539	16.57379	B	m15_data1/M15-1_20201023_045746_Oct0nfhh_kait_B_c.fit
59146.157986	0.04167	16.967	16.808	17.126	17.0364	B	m15_data1/M15-1_20201024_034730_Oct0oeaw_kait_B_c.fit
59146.158877	0.04167	16.288	16.179	16.397	17.10435	V	m15_data1/M15-1_20201024_034847_Oct0oebm_kait_V_c.fit
59146.187581	0.04167	16.2	16.139	16.261	17.68123	B	m15_data1/M15-1_20201024_043007_Oct0oeug_kait_B_c.fit
59146.188542	0.04167	16.026	15.971	16.081	17.86705	V	m15_data1/M15-1_20201024_043130_Oct0oevd_kait_V_c.fit
59146.194792	0.04167	16.192	16.136	16.248	17.68248	B	m15_data1/M15-1_20201024_044030_Oct0oezi_kait_B_c.fit
59146.195729	0.04167	15.861	15.823	15.899	17.88329	V	m15_data1/M15-1_20201024_044151_Oct0oezz_kait_V_c.fit
59146.202037	0.04167	16.079	16.026	16.132	17.47601	B	m15_data1/M15-1_20201024_045056_Oct0ofee_kait_B_c.fit
59146.20294	0.04167	15.852	15.813	15.891	17.90799	V	m15_data1/M15-1_20201024_045214_Oct0ofet_kait_V_c.fit
59146.217535	0.04167	16.028	15.98	16.076	17.81397	B	m15_data1/M15-1_20201024_051315_Oct0ofof_kait_B_c.fit
59146.218426	0.04167	15.707	15.663	15.751	17.64703	V	m15_data1/M15-1_20201024_051432_Oct0ofpb_kait_V_c.fit
59146.224757	0.04167	15.965	15.905	16.025	17.42179	B	m15_data1/M15-1_20201024_052339_Oct0oftg_kait_B_c.fit
59146.225648	0.04167	15.721	15.686	15.756	17.6646	V	m15_data1/M15-1_20201024_052456_Oct0oftw_kait_V_c.fit
59146.231968	0.04167	15.84	15.789	15.891	17.5575	B	m15_data1/M15-1_20201024_053402_Oct0ofyb_kait_B_c.fit
59146.232894	0.04167	15.639	15.605	15.673	17.80165	V	m15_data1/M15-1_20201024_053522_Oct0ofyr_kait_V_c.fit
59146.246181	0.04167	15.853	15.805	15.901	17.6136	B	m15_data1/M15-1_20201024_055430_Oct0oghf_kait_B_c.fit
59146.24713	0.04167	15.58	15.53	15.63	17.30721	V	m15_data1/M15-1_20201024_055552_Oct0ogid_kait_V_c.fit
59146.253438	0.04167	15.756	15.714	15.798	17.55321	B	m15_data1/M15-1_20201024_060457_Oct0ogmi_kait_B_c.fit
59146.25434	0.04167	15.559	15.523	15.595	17.57491	V	m15_data1/M15-1_20201024_060615_Oct0ogmx_kait_V_c.fit
59146.260613	0.04167	15.936	15.898	15.974	17.79178	B	m15_data1/M15-1_20201024_061517_Oct0ogrc_kait_B_c.fit
59146.261562	0.04167	15.608	15.565	15.651	17.50375	V	m15_data1/M15-1_20201024_061639_Oct0ogrr_kait_V_c.fit
59152.164502	0.04167	15.731	15.687	15.775	17.48373	B	m15_data1/M15-1_20201030_035653_Oct0uees_kait_B_c.fit
59152.16537	0.04167	15.809	15.746	15.872	17.26451	V	m15_data1/M15-1_20201030_035808_Oct0uefu_kait_V_c.fit
59152.171609	0.04167	15.835	15.786	15.884	17.54664	B	m15_data1/M15-1_20201030_040707_Oct0uejy_kait_B_c.fit
59152.172477	0.04167	15.526	15.487	15.565	17.6597	V	m15_data1/M15-1_20201030_040822_Oct0uekn_kait_V_c.fit
59152.17875	0.04167	15.783	15.729	15.837	17.31507	B	m15_data1/M15-1_20201030_041724_Oct0ueor_kait_B_c.fit
59152.179653	0.04167	15.618	15.588	15.648	17.8071	V	m15_data1/M15-1_20201030_041842_Oct0ueph_kait_V_c.fit
59153.106319	0.04167	15.955	15.897	16.013	17.34347	B	m15_data1/M15-1_20201031_023306_Oct0vcse_kait_B_c.fit
59153.107257	0.04167	15.766	15.713	15.819	17.44577	V	m15_data1/M15-1_20201031_023427_Oct0vcte_kait_V_c.fit
59153.113519	0.04167	16.152	16.083	16.221	17.47817	B	m15_data1/M15-1_20201031_024328_Oct0vcxi_kait_B_c.fit
59153.114421	0.04167	15.778	15.729	15.827	17.54184	V	m15_data1/M15-1_20201031_024446_Oct0vcxx_kait_V_c.fit
59153.120764	0.04167	16.092	16.034	16.15	17.34664	B	m15_data1/M15-1_20201031_025354_Oct0vdcd_kait_B_c.fit
59153.121667	0.04167	15.679	15.635	15.723	17.60652	V	m15_data1/M15-1_20201031_025512_Oct0vdct_kait_V_c.fit
59153.133738	0.04167	16.19	16.14	16.24	17.49291	B	m15_data1/M15-1_20201031_031235_Oct0vdkp_kait_B_c.fit
59153.13463	0.04167	15.736	15.698	15.774	17.64197	V	m15_data1/M15-1_20201031_031352_Oct0vdlj_kait_V_c.fit
59153.14088	0.04167	16.705	16.576	16.834	16.78567	B	m15_data1/M15-1_20201031_032252_Oct0vdpn_kait_B_c.fit
59153.141748	0.04167	15.717	15.642	15.792	17.15293	V	m15_data1/M15-1_20201031_032407_Oct0vdqc_kait_V_c.fit
59153.148102	0.04167	16.111	16.057	16.165	17.47415	B	m15_data1/M15-1_20201031_033316_Oct0vduh_kait_B_c.fit
59153.149028	0.04167	15.871	15.83	15.912	17.88179	V	m15_data1/M15-1_20201031_033436_Oct0vduy_kait_V_c.fit
